計測日,計測時間,全体,空調,照明,動力,電灯,冷凍・冷熱,その他
2014/01/01,01,24,2,0,0,0,0,0
2014/01/01,02,18,1,0,0,0,0,0
2014/01/01,03,17,1,0,0,0,0,0
2014/01/01,04,16,1,0,0,0,0,0
2014/01/01,05,13,1,0,0,0,0,0
2014/01/01,06,12,1,0,0,0,0,0
2014/01/01,07,11,1,0,0,0,0,0
2014/01/01,08,37,14,0,0,0,0,0
2014/01/01,09,68,24,0,0,0,0,0
2014/01/01,10,69,0,0,0,0,0,0
2014/01/01,11,67,14,0,0,0,0,0
2014/01/01,12,65,13,0,0,0,0,0
2014/01/01,13,76,19,0,0,0,0,0
2014/01/01,14,82,24,0,0,0,0,0
2014/01/01,15,80,22,0,0,0,0,0
2014/01/01,16,78,19,0,0,0,0,0
2014/01/01,17,82,18,0,0,0,0,0
2014/01/01,18,82,17,0,0,0,0,0
2014/01/01,19,84,19,0,0,0,0,0
2014/01/01,20,76,10,0,0,0,0,0
2014/01/01,21,76,12,0,0,0,0,0
2014/01/01,22,75,11,0,0,0,0,0
2014/01/01,23,67,8,0,0,0,0,0
2014/01/01,24,71,13,0,0,0,0,0
2014/01/02,01,33,5,0,0,0,0,0
2014/01/02,02,14,1,0,0,0,0,0
2014/01/02,03,12,1,0,0,0,0,0
2014/01/02,04,11,1,0,0,0,0,0
2014/01/02,05,11,1,0,0,0,0,0
2014/01/02,06,11,1,0,0,0,0,0
2014/01/02,07,11,1,0,0,0,0,0
2014/01/02,08,11,1,0,0,0,0,0
2014/01/02,09,38,13,0,0,0,0,0
2014/01/02,10,63,17,0,0,0,0,0
2014/01/02,11,68,16,0,0,0,0,0
2014/01/02,12,68,14,0,0,0,0,0
2014/01/02,13,76,17,0,0,0,0,0
2014/01/02,14,68,9,0,0,0,0,0
2014/01/02,15,75,15,0,0,0,0,0
2014/01/02,16,71,11,0,0,0,0,0
2014/01/02,17,75,12,0,0,0,0,0
2014/01/02,18,77,9,0,0,0,0,0
2014/01/02,19,78,11,0,0,0,0,0
2014/01/02,20,78,9,0,0,0,0,0
2014/01/02,21,80,13,0,0,0,0,0
2014/01/02,22,78,10,0,0,0,0,0
2014/01/02,23,72,11,0,0,0,0,0
2014/01/02,24,69,12,0,0,0,0,0
2014/01/03,01,21,1,0,0,0,0,0
2014/01/03,02,15,1,0,0,0,0,0
2014/01/03,03,13,1,0,0,0,0,0
2014/01/03,04,12,1,0,0,0,0,0
2014/01/03,05,12,1,0,0,0,0,0
2014/01/03,06,12,1,0,0,0,0,0
2014/01/03,07,11,1,0,0,0,0,0
2014/01/03,08,13,1,0,0,0,0,0
2014/01/03,09,20,4,0,0,0,0,0
2014/01/03,10,70,24,0,0,0,0,0
2014/01/03,11,74,21,0,0,0,0,0
2014/01/03,12,67,14,0,0,0,0,0
2014/01/03,13,71,13,0,0,0,0,0
2014/01/03,14,70,10,0,0,0,0,0
2014/01/03,15,67,7,0,0,0,0,0
2014/01/03,16,66,6,0,0,0,0,0
2014/01/03,17,70,5,0,0,0,0,0
2014/01/03,18,74,7,0,0,0,0,0
2014/01/03,19,73,7,0,0,0,0,0
2014/01/03,20,73,6,0,0,0,0,0
2014/01/03,21,73,7,0,0,0,0,0
2014/01/03,22,71,6,0,0,0,0,0
2014/01/03,23,64,6,0,0,0,0,0
2014/01/03,24,64,6,0,0,0,0,0
2014/01/04,01,32,3,0,0,0,0,0
2014/01/04,02,18,1,0,0,0,0,0
2014/01/04,03,14,1,0,0,0,0,0
2014/01/04,04,11,1,0,0,0,0,0
2014/01/04,05,11,1,0,0,0,0,0
2014/01/04,06,11,1,0,0,0,0,0
2014/01/04,07,11,1,0,0,0,0,0
2014/01/04,08,38,14,0,0,0,0,0
2014/01/04,09,70,27,0,0,0,0,0
2014/01/04,10,63,20,0,0,0,0,0
2014/01/04,11,72,20,0,0,0,0,0
2014/01/04,12,75,18,0,0,0,0,0
2014/01/04,13,73,13,0,0,0,0,0
2014/01/04,14,73,14,0,0,0,0,0
2014/01/04,15,72,13,0,0,0,0,0
2014/01/04,16,71,12,0,0,0,0,0
2014/01/04,17,84,16,0,0,0,0,0
2014/01/04,18,85,18,0,0,0,0,0
2014/01/04,19,83,18,0,0,0,0,0
2014/01/04,20,84,18,0,0,0,0,0
2014/01/04,21,86,18,0,0,0,0,0
2014/01/04,22,85,16,0,0,0,0,0
2014/01/04,23,79,20,0,0,0,0,0
2014/01/04,24,76,17,0,0,0,0,0
2014/01/05,01,31,5,0,0,0,0,0
2014/01/05,02,17,1,0,0,0,0,0
2014/01/05,03,16,1,0,0,0,0,0
2014/01/05,04,13,1,0,0,0,0,0
2014/01/05,05,12,1,0,0,0,0,0
2014/01/05,06,12,1,0,0,0,0,0
2014/01/05,07,12,1,0,0,0,0,0
2014/01/05,08,12,1,0,0,0,0,0
2014/01/05,09,42,16,0,0,0,0,0
2014/01/05,10,71,25,0,0,0,0,0
2014/01/05,11,80,23,0,0,0,0,0
2014/01/05,12,83,23,0,0,0,0,0
2014/01/05,13,80,21,0,0,0,0,0
2014/01/05,14,77,18,0,0,0,0,0
2014/01/05,15,75,15,0,0,0,0,0
2014/01/05,16,78,17,0,0,0,0,0
2014/01/05,17,81,14,0,0,0,0,0
2014/01/05,18,83,15,0,0,0,0,0
2014/01/05,19,81,15,0,0,0,0,0
2014/01/05,20,84,18,0,0,0,0,0
2014/01/05,21,84,18,0,0,0,0,0
2014/01/05,22,79,14,0,0,0,0,0
2014/01/05,23,72,15,0,0,0,0,0
2014/01/05,24,71,15,0,0,0,0,0
2014/01/06,01,52,8,0,0,0,0,0
2014/01/06,02,14,1,0,0,0,0,0
2014/01/06,03,11,1,0,0,0,0,0
2014/01/06,04,11,1,0,0,0,0,0
2014/01/06,05,11,1,0,0,0,0,0
2014/01/06,06,11,1,0,0,0,0,0
2014/01/06,07,11,1,0,0,0,0,0
2014/01/06,08,49,20,0,0,0,0,0
2014/01/06,09,70,0,0,0,0,0,0
2014/01/06,10,68,22,0,0,0,0,0
2014/01/06,11,71,18,0,0,0,0,0
2014/01/06,12,77,20,0,0,0,0,0
2014/01/06,13,77,18,0,0,0,0,0
2014/01/06,14,78,18,0,0,0,0,0
2014/01/06,15,80,20,0,0,0,0,0
2014/01/06,16,78,16,0,0,0,0,0
2014/01/06,17,79,14,0,0,0,0,0
2014/01/06,18,84,18,0,0,0,0,0
2014/01/06,19,83,16,0,0,0,0,0
2014/01/06,20,83,15,0,0,0,0,0
2014/01/06,21,80,14,0,0,0,0,0
2014/01/06,22,78,12,0,0,0,0,0
2014/01/06,23,78,21,0,0,0,0,0
2014/01/06,24,76,19,0,0,0,0,0
2014/01/07,01,32,5,0,0,0,0,0
2014/01/07,02,14,1,0,0,0,0,0
2014/01/07,03,13,1,0,0,0,0,0
2014/01/07,04,12,1,0,0,0,0,0
2014/01/07,05,12,1,0,0,0,0,0
2014/01/07,06,12,1,0,0,0,0,0
2014/01/07,07,12,1,0,0,0,0,0
2014/01/07,08,48,19,0,0,0,0,0
2014/01/07,09,74,29,0,0,0,0,0
2014/01/07,10,72,25,0,0,0,0,0
2014/01/07,11,75,22,0,0,0,0,0
2014/01/07,12,79,18,0,0,0,0,0
2014/01/07,13,76,16,0,0,0,0,0
2014/01/07,14,76,17,0,0,0,0,0
2014/01/07,15,73,0,0,0,0,0,0
2014/01/07,16,73,13,0,0,0,0,0
2014/01/07,17,77,12,0,0,0,0,0
2014/01/07,18,81,15,0,0,0,0,0
2014/01/07,19,80,16,0,0,0,0,0
2014/01/07,20,86,20,0,0,0,0,0
2014/01/07,21,81,14,0,0,0,0,0
2014/01/07,22,77,14,0,0,0,0,0
2014/01/07,23,74,17,0,0,0,0,0
2014/01/07,24,69,14,0,0,0,0,0
2014/01/08,01,27,2,0,0,0,0,0
2014/01/08,02,14,1,0,0,0,0,0
2014/01/08,03,12,1,0,0,0,0,0
2014/01/08,04,11,1,0,0,0,0,0
2014/01/08,05,11,1,0,0,0,0,0
2014/01/08,06,11,1,0,0,0,0,0
2014/01/08,07,11,1,0,0,0,0,0
2014/01/08,08,43,16,0,0,0,0,0
2014/01/08,09,73,29,0,0,0,0,0
2014/01/08,10,68,22,0,0,0,0,0
2014/01/08,11,74,22,0,0,0,0,0
2014/01/08,12,73,16,0,0,0,0,0
2014/01/08,13,81,22,0,0,0,0,0
2014/01/08,14,77,16,0,0,0,0,0
2014/01/08,15,78,18,0,0,0,0,0
2014/01/08,16,79,17,0,0,0,0,0
2014/01/08,17,88,19,0,0,0,0,0
2014/01/08,18,84,17,0,0,0,0,0
2014/01/08,19,81,16,0,0,0,0,0
2014/01/08,20,80,14,0,0,0,0,0
2014/01/08,21,78,13,0,0,0,0,0
2014/01/08,22,76,10,0,0,0,0,0
2014/01/08,23,69,11,0,0,0,0,0
2014/01/08,24,65,9,0,0,0,0,0
2014/01/09,01,30,2,0,0,0,0,0
2014/01/09,02,16,1,0,0,0,0,0
2014/01/09,03,13,1,0,0,0,0,0
2014/01/09,04,11,1,0,0,0,0,0
2014/01/09,05,11,1,0,0,0,0,0
2014/01/09,06,11,1,0,0,0,0,0
2014/01/09,07,11,1,0,0,0,0,0
2014/01/09,08,11,1,0,0,0,0,0
2014/01/09,09,37,13,0,0,0,0,0
2014/01/09,10,68,22,0,0,0,0,0
2014/01/09,11,73,20,0,0,0,0,0
2014/01/09,12,75,18,0,0,0,0,0
2014/01/09,13,74,16,0,0,0,0,0
2014/01/09,14,70,12,0,0,0,0,0
2014/01/09,15,70,11,0,0,0,0,0
2014/01/09,16,73,12,0,0,0,0,0
2014/01/09,17,75,12,0,0,0,0,0
2014/01/09,18,84,17,0,0,0,0,0
2014/01/09,19,81,16,0,0,0,0,0
2014/01/09,20,83,18,0,0,0,0,0
2014/01/09,21,84,18,0,0,0,0,0
2014/01/09,22,87,20,0,0,0,0,0
2014/01/09,23,78,19,0,0,0,0,0
2014/01/09,24,75,18,0,0,0,0,0
2014/01/10,01,30,4,0,0,0,0,0
2014/01/10,02,15,1,0,0,0,0,0
2014/01/10,03,12,1,0,0,0,0,0
2014/01/10,04,11,1,0,0,0,0,0
2014/01/10,05,12,1,0,0,0,0,0
2014/01/10,06,12,1,0,0,0,0,0
2014/01/10,07,12,1,0,0,0,0,0
2014/01/10,08,13,1,0,0,0,0,0
2014/01/10,09,41,16,0,0,0,0,0
2014/01/10,10,74,29,0,0,0,0,0
2014/01/10,11,78,26,0,0,0,0,0
2014/01/10,12,83,23,0,0,0,0,0
2014/01/10,13,80,19,0,0,0,0,0
2014/01/10,14,79,18,0,0,0,0,0
2014/01/10,15,78,16,0,0,0,0,0
2014/01/10,16,75,13,0,0,0,0,0
2014/01/10,17,80,14,0,0,0,0,0
2014/01/10,18,82,12,0,0,0,0,0
2014/01/10,19,78,12,0,0,0,0,0
2014/01/10,20,79,12,0,0,0,0,0
2014/01/10,21,81,13,0,0,0,0,0
2014/01/10,22,81,14,0,0,0,0,0
2014/01/10,23,73,14,0,0,0,0,0
2014/01/10,24,72,15,0,0,0,0,0
2014/01/11,01,25,2,0,0,0,0,0
2014/01/11,02,17,1,0,0,0,0,0
2014/01/11,03,15,1,0,0,0,0,0
2014/01/11,04,13,1,0,0,0,0,0
2014/01/11,05,12,1,0,0,0,0,0
2014/01/11,06,11,1,0,0,0,0,0
2014/01/11,07,11,1,0,0,0,0,0
2014/01/11,08,35,13,0,0,0,0,0
2014/01/11,09,78,34,0,0,0,0,0
2014/01/11,10,71,26,0,0,0,0,0
2014/01/11,11,80,22,0,0,0,0,0
2014/01/11,12,80,19,0,0,0,0,0
2014/01/11,13,79,19,0,0,0,0,0
2014/01/11,14,78,18,0,0,0,0,0
2014/01/11,15,78,18,0,0,0,0,0
2014/01/11,16,78,17,0,0,0,0,0
2014/01/11,17,80,16,0,0,0,0,0
2014/01/11,18,86,18,0,0,0,0,0
2014/01/11,19,84,18,0,0,0,0,0
2014/01/11,20,86,17,0,0,0,0,0
2014/01/11,21,81,13,0,0,0,0,0
2014/01/11,22,79,13,0,0,0,0,0
2014/01/11,23,75,16,0,0,0,0,0
2014/01/11,24,70,15,0,0,0,0,0
2014/01/12,01,23,1,0,0,0,0,0
2014/01/12,02,19,1,0,0,0,0,0
2014/01/12,03,15,1,0,0,0,0,0
2014/01/12,04,13,1,0,0,0,0,0
2014/01/12,05,12,1,0,0,0,0,0
2014/01/12,06,11,1,0,0,0,0,0
2014/01/12,07,13,1,0,0,0,0,0
2014/01/12,08,12,1,0,0,0,0,0
2014/01/12,09,45,18,0,0,0,0,0
2014/01/12,10,72,25,0,0,0,0,0
2014/01/12,11,75,22,0,0,0,0,0
2014/01/12,12,77,19,0,0,0,0,0
2014/01/12,13,79,19,0,0,0,0,0
2014/01/12,14,75,15,0,0,0,0,0
2014/01/12,15,76,14,0,0,0,0,0
2014/01/12,16,77,15,0,0,0,0,0
2014/01/12,17,83,17,0,0,0,0,0
2014/01/12,18,82,15,0,0,0,0,0
2014/01/12,19,79,14,0,0,0,0,0
2014/01/12,20,79,13,0,0,0,0,0
2014/01/12,21,82,14,0,0,0,0,0
2014/01/12,22,83,13,0,0,0,0,0
2014/01/12,23,72,9,0,0,0,0,0
2014/01/12,24,69,10,0,0,0,0,0
2014/01/13,01,24,1,0,0,0,0,0
2014/01/13,02,16,1,0,0,0,0,0
2014/01/13,03,14,1,0,0,0,0,0
2014/01/13,04,12,1,0,0,0,0,0
2014/01/13,05,11,1,0,0,0,0,0
2014/01/13,06,11,1,0,0,0,0,0
2014/01/13,07,11,1,0,0,0,0,0
2014/01/13,08,37,14,0,0,0,0,0
2014/01/13,09,72,27,0,0,0,0,0
2014/01/13,10,69,21,0,0,0,0,0
2014/01/13,11,80,22,0,0,0,0,0
2014/01/13,12,78,18,0,0,0,0,0
2014/01/13,13,77,16,0,0,0,0,0
2014/01/13,14,76,15,0,0,0,0,0
2014/01/13,15,74,12,0,0,0,0,0
2014/01/13,16,73,11,0,0,0,0,0
2014/01/13,17,77,11,0,0,0,0,0
2014/01/13,18,80,13,0,0,0,0,0
2014/01/13,19,78,12,0,0,0,0,0
2014/01/13,20,80,14,0,0,0,0,0
2014/01/13,21,81,13,0,0,0,0,0
2014/01/13,22,85,18,0,0,0,0,0
2014/01/13,23,76,18,0,0,0,0,0
2014/01/13,24,74,16,0,0,0,0,0
2014/01/14,01,69,14,0,0,0,0,0
2014/01/14,02,23,1,0,0,0,0,0
2014/01/14,03,13,1,0,0,0,0,0
2014/01/14,04,12,1,0,0,0,0,0
2014/01/14,05,12,1,0,0,0,0,0
2014/01/14,06,12,1,0,0,0,0,0
2014/01/14,07,12,1,0,0,0,0,0
2014/01/14,08,54,22,0,0,0,0,0
2014/01/14,09,76,30,0,0,0,0,0
2014/01/14,10,70,21,0,0,0,0,0
2014/01/14,11,75,22,0,0,0,0,0
2014/01/14,12,78,19,0,0,0,0,0
2014/01/14,13,77,16,0,0,0,0,0
2014/01/14,14,72,12,0,0,0,0,0
2014/01/14,15,71,11,0,0,0,0,0
2014/01/14,16,71,12,0,0,0,0,0
2014/01/14,17,76,11,0,0,0,0,0
2014/01/14,18,79,11,0,0,0,0,0
2014/01/14,19,79,12,0,0,0,0,0
2014/01/14,20,79,13,0,0,0,0,0
2014/01/14,21,79,14,0,0,0,0,0
2014/01/14,22,84,18,0,0,0,0,0
2014/01/14,23,73,16,0,0,0,0,0
2014/01/14,24,70,16,0,0,0,0,0
2014/01/15,01,21,2,0,0,0,0,0
2014/01/15,02,14,1,0,0,0,0,0
2014/01/15,03,12,1,0,0,0,0,0
2014/01/15,04,12,1,0,0,0,0,0
2014/01/15,05,11,1,0,0,0,0,0
2014/01/15,06,10,1,0,0,0,0,0
2014/01/15,07,11,1,0,0,0,0,0
2014/01/15,08,12,1,0,0,0,0,0
2014/01/15,09,62,28,0,0,0,0,0
2014/01/15,10,76,30,0,0,0,0,0
2014/01/15,11,79,27,0,0,0,0,0
2014/01/15,12,85,25,0,0,0,0,0
2014/01/15,13,87,24,0,0,0,0,0
2014/01/15,14,82,20,0,0,0,0,0
2014/01/15,15,81,20,0,0,0,0,0
2014/01/15,16,81,17,0,0,0,0,0
2014/01/15,17,83,19,0,0,0,0,0
2014/01/15,18,83,18,0,0,0,0,0
2014/01/15,19,83,18,0,0,0,0,0
2014/01/15,20,80,16,0,0,0,0,0
2014/01/15,21,81,16,0,0,0,0,0
2014/01/15,22,81,16,0,0,0,0,0
2014/01/15,23,77,18,0,0,0,0,0
2014/01/15,24,73,16,0,0,0,0,0
2014/01/16,01,25,4,0,0,0,0,0
2014/01/16,02,15,1,0,0,0,0,0
2014/01/16,03,12,1,0,0,0,0,0
2014/01/16,04,11,1,0,0,0,0,0
2014/01/16,05,11,1,0,0,0,0,0
2014/01/16,06,10,1,0,0,0,0,0
2014/01/16,07,11,1,0,0,0,0,0
2014/01/16,08,12,1,0,0,0,0,0
2014/01/16,09,48,20,0,0,0,0,0
2014/01/16,10,76,29,0,0,0,0,0
2014/01/16,11,82,30,0,0,0,0,0
2014/01/16,12,80,23,0,0,0,0,0
2014/01/16,13,82,23,0,0,0,0,0
2014/01/16,14,78,20,0,0,0,0,0
2014/01/16,15,73,15,0,0,0,0,0
2014/01/16,16,74,15,0,0,0,0,0
2014/01/16,17,83,18,0,0,0,0,0
2014/01/16,18,81,14,0,0,0,0,0
2014/01/16,19,80,16,0,0,0,0,0
2014/01/16,20,82,16,0,0,0,0,0
2014/01/16,21,83,16,0,0,0,0,0
2014/01/16,22,80,14,0,0,0,0,0
2014/01/16,23,75,17,0,0,0,0,0
2014/01/16,24,74,17,0,0,0,0,0
2014/01/17,01,21,1,0,0,0,0,0
2014/01/17,02,15,1,0,0,0,0,0
2014/01/17,03,13,1,0,0,0,0,0
2014/01/17,04,11,1,0,0,0,0,0
2014/01/17,05,11,1,0,0,0,0,0
2014/01/17,06,11,1,0,0,0,0,0
2014/01/17,07,12,1,0,0,0,0,0
2014/01/17,08,15,1,0,0,0,0,0
2014/01/17,09,44,16,0,0,0,0,0
2014/01/17,10,74,27,0,0,0,0,0
2014/01/17,11,80,27,0,0,0,0,0
2014/01/17,12,81,23,0,0,0,0,0
2014/01/17,13,83,22,0,0,0,0,0
2014/01/17,14,78,19,0,0,0,0,0
2014/01/17,15,75,16,0,0,0,0,0
2014/01/17,16,72,13,0,0,0,0,0
2014/01/17,17,82,16,0,0,0,0,0
2014/01/17,18,85,19,0,0,0,0,0
2014/01/17,19,84,18,0,0,0,0,0
2014/01/17,20,88,21,0,0,0,0,0
2014/01/17,21,88,20,0,0,0,0,0
2014/01/17,22,81,15,0,0,0,0,0
2014/01/17,23,74,15,0,0,0,0,0
2014/01/17,24,70,13,0,0,0,0,0
2014/01/18,01,24,2,0,0,0,0,0
2014/01/18,02,17,1,0,0,0,0,0
2014/01/18,03,15,1,0,0,0,0,0
2014/01/18,04,13,1,0,0,0,0,0
2014/01/18,05,12,1,0,0,0,0,0
2014/01/18,06,11,1,0,0,0,0,0
2014/01/18,07,12,1,0,0,0,0,0
2014/01/18,08,13,1,0,0,0,0,0
2014/01/18,09,43,17,0,0,0,0,0
2014/01/18,10,78,29,0,0,0,0,0
2014/01/18,11,83,27,0,0,0,0,0
2014/01/18,12,78,20,0,0,0,0,0
2014/01/18,13,79,19,0,0,0,0,0
2014/01/18,14,75,16,0,0,0,0,0
2014/01/18,15,71,13,0,0,0,0,0
2014/01/18,16,69,11,0,0,0,0,0
2014/01/18,17,75,12,0,0,0,0,0
2014/01/18,18,81,15,0,0,0,0,0
2014/01/18,19,85,19,0,0,0,0,0
2014/01/18,20,86,19,0,0,0,0,0
2014/01/18,21,88,19,0,0,0,0,0
2014/01/18,22,88,19,0,0,0,0,0
2014/01/18,23,77,17,0,0,0,0,0
2014/01/18,24,69,13,0,0,0,0,0
2014/01/19,01,24,3,0,0,0,0,0
2014/01/19,02,19,1,0,0,0,0,0
2014/01/19,03,16,1,0,0,0,0,0
2014/01/19,04,13,1,0,0,0,0,0
2014/01/19,05,12,1,0,0,0,0,0
2014/01/19,06,11,1,0,0,0,0,0
2014/01/19,07,12,1,0,0,0,0,0
2014/01/19,08,12,1,0,0,0,0,0
2014/01/19,09,60,25,0,0,0,0,0
2014/01/19,10,72,27,0,0,0,0,0
2014/01/19,11,83,29,0,0,0,0,0
2014/01/19,12,87,28,0,0,0,0,0
2014/01/19,13,85,27,0,0,0,0,0
2014/01/19,14,83,22,0,0,0,0,0
2014/01/19,15,80,20,0,0,0,0,0
2014/01/19,16,83,22,0,0,0,0,0
2014/01/19,17,87,22,0,0,0,0,0
2014/01/19,18,90,23,0,0,0,0,0
2014/01/19,19,88,23,0,0,0,0,0
2014/01/19,20,88,22,0,0,0,0,0
2014/01/19,21,91,21,0,0,0,0,0
2014/01/19,22,86,18,0,0,0,0,0
2014/01/19,23,79,19,0,0,0,0,0
2014/01/19,24,74,16,0,0,0,0,0
2014/01/20,01,68,20,0,0,0,0,0
2014/01/20,02,25,5,0,0,0,0,0
2014/01/20,03,12,1,0,0,0,0,0
2014/01/20,04,11,1,0,0,0,0,0
2014/01/20,05,11,1,0,0,0,0,0
2014/01/20,06,11,1,0,0,0,0,0
2014/01/20,07,11,1,0,0,0,0,0
2014/01/20,08,46,19,0,0,0,0,0
2014/01/20,09,76,31,0,0,0,0,0
2014/01/20,10,75,28,0,0,0,0,0
2014/01/20,11,82,28,0,0,0,0,0
2014/01/20,12,83,24,0,0,0,0,0
2014/01/20,13,83,23,0,0,0,0,0
2014/01/20,14,81,22,0,0,0,0,0
2014/01/20,15,82,21,0,0,0,0,0
2014/01/20,16,83,22,0,0,0,0,0
2014/01/20,17,85,20,0,0,0,0,0
2014/01/20,18,85,18,0,0,0,0,0
2014/01/20,19,83,18,0,0,0,0,0
2014/01/20,20,82,16,0,0,0,0,0
2014/01/20,21,82,17,0,0,0,0,0
2014/01/20,22,80,15,0,0,0,0,0
2014/01/20,23,77,18,0,0,0,0,0
2014/01/20,24,74,19,0,0,0,0,0
2014/01/21,01,36,7,0,0,0,0,0
2014/01/21,02,15,1,0,0,0,0,0
2014/01/21,03,13,1,0,0,0,0,0
2014/01/21,04,11,1,0,0,0,0,0
2014/01/21,05,11,1,0,0,0,0,0
2014/01/21,06,11,1,0,0,0,0,0
2014/01/21,07,11,1,0,0,0,0,0
2014/01/21,08,12,1,0,0,0,0,0
2014/01/21,09,45,18,0,0,0,0,0
2014/01/21,10,73,27,0,0,0,0,0
2014/01/21,11,80,28,0,0,0,0,0
2014/01/21,12,80,24,0,0,0,0,0
2014/01/21,13,76,18,0,0,0,0,0
2014/01/21,14,77,18,0,0,0,0,0
2014/01/21,15,76,17,0,0,0,0,0
2014/01/21,16,75,16,0,0,0,0,0
2014/01/21,17,78,14,0,0,0,0,0
2014/01/21,18,80,15,0,0,0,0,0
2014/01/21,19,79,14,0,0,0,0,0
2014/01/21,20,79,16,0,0,0,0,0
2014/01/21,21,80,16,0,0,0,0,0
2014/01/21,22,79,14,0,0,0,0,0
2014/01/21,23,74,17,0,0,0,0,0
2014/01/21,24,72,15,0,0,0,0,0
2014/01/22,01,21,2,0,0,0,0,0
2014/01/22,02,15,1,0,0,0,0,0
2014/01/22,03,12,1,0,0,0,0,0
2014/01/22,04,11,1,0,0,0,0,0
2014/01/22,05,11,1,0,0,0,0,0
2014/01/22,06,11,1,0,0,0,0,0
2014/01/22,07,12,1,0,0,0,0,0
2014/01/22,08,16,1,0,0,0,0,0
2014/01/22,09,45,15,0,0,0,0,0
2014/01/22,10,78,29,0,0,0,0,0
2014/01/22,11,83,29,0,0,0,0,0
2014/01/22,12,83,24,0,0,0,0,0
2014/01/22,13,80,21,0,0,0,0,0
2014/01/22,14,78,20,0,0,0,0,0
2014/01/22,15,77,20,0,0,0,0,0
2014/01/22,16,74,17,0,0,0,0,0
2014/01/22,17,76,15,0,0,0,0,0
2014/01/22,18,82,17,0,0,0,0,0
2014/01/22,19,80,17,0,0,0,0,0
2014/01/22,20,83,18,0,0,0,0,0
2014/01/22,21,81,17,0,0,0,0,0
2014/01/22,22,83,18,0,0,0,0,0
2014/01/22,23,73,17,0,0,0,0,0
2014/01/22,24,69,14,0,0,0,0,0
2014/01/23,01,21,2,0,0,0,0,0
2014/01/23,02,15,1,0,0,0,0,0
2014/01/23,03,13,1,0,0,0,0,0
2014/01/23,04,11,1,0,0,0,0,0
2014/01/23,05,10,1,0,0,0,0,0
2014/01/23,06,10,1,0,0,0,0,0
2014/01/23,07,11,1,0,0,0,0,0
2014/01/23,08,14,1,0,0,0,0,0
2014/01/23,09,48,19,0,0,0,0,0
2014/01/23,10,75,28,0,0,0,0,0
2014/01/23,11,79,26,0,0,0,0,0
2014/01/23,12,81,23,0,0,0,0,0
2014/01/23,13,80,22,0,0,0,0,0
2014/01/23,14,79,20,0,0,0,0,0
2014/01/23,15,78,18,0,0,0,0,0
2014/01/23,16,75,15,0,0,0,0,0
2014/01/23,17,81,20,0,0,0,0,0
2014/01/23,18,83,18,0,0,0,0,0
2014/01/23,19,78,13,0,0,0,0,0
2014/01/23,20,85,19,0,0,0,0,0
2014/01/23,21,82,16,0,0,0,0,0
2014/01/23,22,77,12,0,0,0,0,0
2014/01/23,23,69,12,0,0,0,0,0
2014/01/23,24,66,10,0,0,0,0,0
2014/01/24,01,21,2,0,0,0,0,0
2014/01/24,02,16,1,0,0,0,0,0
2014/01/24,03,13,1,0,0,0,0,0
2014/01/24,04,12,1,0,0,0,0,0
2014/01/24,05,12,1,0,0,0,0,0
2014/01/24,06,12,1,0,0,0,0,0
2014/01/24,07,13,1,0,0,0,0,0
2014/01/24,08,15,1,0,0,0,0,0
2014/01/24,09,43,16,0,0,0,0,0
2014/01/24,10,73,27,0,0,0,0,0
2014/01/24,11,81,29,0,0,0,0,0
2014/01/24,12,84,28,0,0,0,0,0
2014/01/24,13,80,21,0,0,0,0,0
2014/01/24,14,78,18,0,0,0,0,0
2014/01/24,15,77,16,0,0,0,0,0
2014/01/24,16,68,8,0,0,0,0,0
2014/01/24,17,72,9,0,0,0,0,0
2014/01/24,18,73,7,0,0,0,0,0
2014/01/24,19,74,9,0,0,0,0,0
2014/01/24,20,71,7,0,0,0,0,0
2014/01/24,21,73,8,0,0,0,0,0
2014/01/24,22,77,12,0,0,0,0,0
2014/01/24,23,66,8,0,0,0,0,0
2014/01/24,24,63,8,0,0,0,0,0
2014/01/25,01,24,1,0,0,0,0,0
2014/01/25,02,17,1,0,0,0,0,0
2014/01/25,03,17,1,0,0,0,0,0
2014/01/25,04,13,1,0,0,0,0,0
2014/01/25,05,11,1,0,0,0,0,0
2014/01/25,06,11,1,0,0,0,0,0
2014/01/25,07,12,1,0,0,0,0,0
2014/01/25,08,15,1,0,0,0,0,0
2014/01/25,09,45,15,0,0,0,0,0
2014/01/25,10,72,24,0,0,0,0,0
2014/01/25,11,75,20,0,0,0,0,0
2014/01/25,12,73,16,0,0,0,0,0
2014/01/25,13,68,12,0,0,0,0,0
2014/01/25,14,70,12,0,0,0,0,0
2014/01/25,15,67,8,0,0,0,0,0
2014/01/25,16,67,8,0,0,0,0,0
2014/01/25,17,74,11,0,0,0,0,0
2014/01/25,18,81,14,0,0,0,0,0
2014/01/25,19,78,13,0,0,0,0,0
2014/01/25,20,79,12,0,0,0,0,0
2014/01/25,21,79,10,0,0,0,0,0
2014/01/25,22,76,9,0,0,0,0,0
2014/01/25,23,65,6,0,0,0,0,0
2014/01/25,24,63,7,0,0,0,0,0
2014/01/26,01,23,1,0,0,0,0,0
2014/01/26,02,18,1,0,0,0,0,0
2014/01/26,03,16,1,0,0,0,0,0
2014/01/26,04,13,1,0,0,0,0,0
2014/01/26,05,11,1,0,0,0,0,0
2014/01/26,06,11,1,0,0,0,0,0
2014/01/26,07,11,1,0,0,0,0,0
2014/01/26,08,11,1,0,0,0,0,0
2014/01/26,09,41,14,0,0,0,0,0
2014/01/26,10,63,19,0,0,0,0,0
2014/01/26,11,65,15,0,0,0,0,0
2014/01/26,12,66,9,0,0,0,0,0
2014/01/26,13,63,6,0,0,0,0,0
2014/01/26,14,65,8,0,0,0,0,0
2014/01/26,15,72,15,0,0,0,0,0
2014/01/26,16,74,16,0,0,0,0,0
2014/01/26,17,75,13,0,0,0,0,0
2014/01/26,18,81,16,0,0,0,0,0
2014/01/26,19,84,18,0,0,0,0,0
2014/01/26,20,88,21,0,0,0,0,0
2014/01/26,21,87,21,0,0,0,0,0
2014/01/26,22,84,20,0,0,0,0,0
2014/01/26,23,79,20,0,0,0,0,0
2014/01/26,24,78,22,0,0,0,0,0
2014/01/27,01,29,5,0,0,0,0,0
2014/01/27,02,14,1,0,0,0,0,0
2014/01/27,03,13,1,0,0,0,0,0
2014/01/27,04,12,1,0,0,0,0,0
2014/01/27,05,11,1,0,0,0,0,0
2014/01/27,06,11,1,0,0,0,0,0
2014/01/27,07,12,1,0,0,0,0,0
2014/01/27,08,13,1,0,0,0,0,0
2014/01/27,09,52,21,0,0,0,0,0
2014/01/27,10,78,29,0,0,0,0,0
2014/01/27,11,83,29,0,0,0,0,0
2014/01/27,12,84,25,0,0,0,0,0
2014/01/27,13,80,19,0,0,0,0,0
2014/01/27,14,79,19,0,0,0,0,0
2014/01/27,15,78,18,0,0,0,0,0
2014/01/27,16,78,18,0,0,0,0,0
2014/01/27,17,79,17,0,0,0,0,0
2014/01/27,18,87,18,0,0,0,0,0
2014/01/27,19,87,20,0,0,0,0,0
2014/01/27,20,86,18,0,0,0,0,0
2014/01/27,21,83,16,0,0,0,0,0
2014/01/27,22,83,17,0,0,0,0,0
2014/01/27,23,74,14,0,0,0,0,0
2014/01/27,24,67,10,0,0,0,0,0
2014/01/28,01,27,2,0,0,0,0,0
2014/01/28,02,16,1,0,0,0,0,0
2014/01/28,03,13,1,0,0,0,0,0
2014/01/28,04,12,1,0,0,0,0,0
2014/01/28,05,11,1,0,0,0,0,0
2014/01/28,06,11,1,0,0,0,0,0
2014/01/28,07,12,1,0,0,0,0,0
2014/01/28,08,42,16,0,0,0,0,0
2014/01/28,09,77,31,0,0,0,0,0
2014/01/28,10,78,29,0,0,0,0,0
2014/01/28,11,77,24,0,0,0,0,0
2014/01/28,12,79,19,0,0,0,0,0
2014/01/28,13,82,19,0,0,0,0,0
2014/01/28,14,80,17,0,0,0,0,0
2014/01/28,15,72,12,0,0,0,0,0
2014/01/28,16,80,19,0,0,0,0,0
2014/01/28,17,83,21,0,0,0,0,0
2014/01/28,18,90,25,0,0,0,0,0
2014/01/28,19,84,18,0,0,0,0,0
2014/01/28,20,87,22,0,0,0,0,0
2014/01/28,21,87,21,0,0,0,0,0
2014/01/28,22,80,16,0,0,0,0,0
2014/01/28,23,77,19,0,0,0,0,0
2014/01/28,24,70,22,0,0,0,0,0
2014/01/29,01,31,4,0,0,0,0,0
2014/01/29,02,15,1,0,0,0,0,0
2014/01/29,03,12,1,0,0,0,0,0
2014/01/29,04,11,1,0,0,0,0,0
2014/01/29,05,11,1,0,0,0,0,0
2014/01/29,06,11,1,0,0,0,0,0
2014/01/29,07,11,1,0,0,0,0,0
2014/01/29,08,40,15,0,0,0,0,0
2014/01/29,09,74,28,0,0,0,0,0
2014/01/29,10,75,28,0,0,0,0,0
2014/01/29,11,81,27,0,0,0,0,0
2014/01/29,12,75,18,0,0,0,0,0
2014/01/29,13,76,18,0,0,0,0,0
2014/01/29,14,77,20,0,0,0,0,0
2014/01/29,15,80,21,0,0,0,0,0
2014/01/29,16,79,21,0,0,0,0,0
2014/01/29,17,82,21,0,0,0,0,0
2014/01/29,18,88,23,0,0,0,0,0
2014/01/29,19,89,23,0,0,0,0,0
2014/01/29,20,89,21,0,0,0,0,0
2014/01/29,21,91,24,0,0,0,0,0
2014/01/29,22,85,20,0,0,0,0,0
2014/01/29,23,77,21,0,0,0,0,0
2014/01/29,24,71,17,0,0,0,0,0
2014/01/30,01,36,2,0,0,0,0,0
2014/01/30,02,34,1,0,0,0,0,0
2014/01/30,03,38,9,0,0,0,0,0
2014/01/30,04,47,19,0,0,0,0,0
2014/01/30,05,34,10,0,0,0,0,0
2014/01/30,06,30,6,0,0,0,0,0
2014/01/30,07,24,1,0,0,0,0,0
2014/01/30,08,19,1,0,0,0,0,0
2014/01/30,09,42,15,0,0,0,0,0
2014/01/30,10,70,25,0,0,0,0,0
2014/01/30,11,74,22,0,0,0,0,0
2014/01/30,12,69,12,0,0,0,0,0
2014/01/30,13,75,17,0,0,0,0,0
2014/01/30,14,74,17,0,0,0,0,0
2014/01/30,15,76,19,0,0,0,0,0
2014/01/30,16,74,18,0,0,0,0,0
2014/01/30,17,83,19,0,0,0,0,0
2014/01/30,18,84,19,0,0,0,0,0
2014/01/30,19,82,18,0,0,0,0,0
2014/01/30,20,81,17,0,0,0,0,0
2014/01/30,21,85,21,0,0,0,0,0
2014/01/30,22,83,18,0,0,0,0,0
2014/01/30,23,75,18,0,0,0,0,0
2014/01/30,24,76,20,0,0,0,0,0
2014/01/31,01,21,2,0,0,0,0,0
2014/01/31,02,15,1,0,0,0,0,0
2014/01/31,03,12,1,0,0,0,0,0
2014/01/31,04,12,1,0,0,0,0,0
2014/01/31,05,12,1,0,0,0,0,0
2014/01/31,06,11,1,0,0,0,0,0
2014/01/31,07,11,1,0,0,0,0,0
2014/01/31,08,14,1,0,0,0,0,0
2014/01/31,09,43,15,0,0,0,0,0
2014/01/31,10,68,23,0,0,0,0,0
2014/01/31,11,72,22,0,0,0,0,0
2014/01/31,12,77,22,0,0,0,0,0
2014/01/31,13,77,20,0,0,0,0,0
2014/01/31,14,79,22,0,0,0,0,0
2014/01/31,15,74,17,0,0,0,0,0
2014/01/31,16,76,18,0,0,0,0,0
2014/01/31,17,79,19,0,0,0,0,0
2014/01/31,18,85,20,0,0,0,0,0
2014/01/31,19,85,19,0,0,0,0,0
2014/01/31,20,88,21,0,0,0,0,0
2014/01/31,21,86,20,0,0,0,0,0
2014/01/31,22,87,21,0,0,0,0,0
2014/01/31,23,80,22,0,0,0,0,0
2014/01/31,24,73,17,0,0,0,0,0
2014/02/01,01,73,18,0,0,0,0,0
2014/02/01,02,58,4,0,0,0,0,0
2014/02/01,03,34,1,0,0,0,0,0
2014/02/01,04,14,1,0,0,0,0,0
2014/02/01,05,12,1,0,0,0,0,0
2014/02/01,06,11,1,0,0,0,0,0
2014/02/01,07,11,1,0,0,0,0,0
2014/02/01,08,11,1,0,0,0,0,0
2014/02/01,09,55,20,0,0,0,0,0
2014/02/01,10,63,17,0,0,0,0,0
2014/02/01,11,74,19,0,0,0,0,0
2014/02/01,12,72,15,0,0,0,0,0
2014/02/01,13,72,14,0,0,0,0,0
2014/02/01,14,71,13,0,0,0,0,0
2014/02/01,15,70,11,0,0,0,0,0
2014/02/01,16,71,12,0,0,0,0,0
2014/02/01,17,73,11,0,0,0,0,0
2014/02/01,18,79,16,0,0,0,0,0
2014/02/01,19,78,14,0,0,0,0,0
2014/02/01,20,82,17,0,0,0,0,0
2014/02/01,21,79,15,0,0,0,0,0
2014/02/01,22,77,14,0,0,0,0,0
2014/02/01,23,71,14,0,0,0,0,0
2014/02/01,24,71,15,0,0,0,0,0
2014/02/02,01,23,2,0,0,0,0,0
2014/02/02,02,18,1,0,0,0,0,0
2014/02/02,03,16,1,0,0,0,0,0
2014/02/02,04,13,1,0,0,0,0,0
2014/02/02,05,12,1,0,0,0,0,0
2014/02/02,06,12,1,0,0,0,0,0
2014/02/02,07,12,1,0,0,0,0,0
2014/02/02,08,11,1,0,0,0,0,0
2014/02/02,09,49,18,0,0,0,0,0
2014/02/02,10,73,24,0,0,0,0,0
2014/02/02,11,73,21,0,0,0,0,0
2014/02/02,12,73,16,0,0,0,0,0
2014/02/02,13,73,15,0,0,0,0,0
2014/02/02,14,70,11,0,0,0,0,0
2014/02/02,15,72,14,0,0,0,0,0
2014/02/02,16,76,17,0,0,0,0,0
2014/02/02,17,78,14,0,0,0,0,0
2014/02/02,18,83,17,0,0,0,0,0
2014/02/02,19,86,22,0,0,0,0,0
2014/02/02,20,83,17,0,0,0,0,0
2014/02/02,21,84,20,0,0,0,0,0
2014/02/02,22,82,18,0,0,0,0,0
2014/02/02,23,76,19,0,0,0,0,0
2014/02/02,24,76,20,0,0,0,0,0
2014/02/03,01,21,3,0,0,0,0,0
2014/02/03,02,13,1,0,0,0,0,0
2014/02/03,03,11,1,0,0,0,0,0
2014/02/03,04,11,1,0,0,0,0,0
2014/02/03,05,11,1,0,0,0,0,0
2014/02/03,06,10,1,0,0,0,0,0
2014/02/03,07,11,1,0,0,0,0,0
2014/02/03,08,11,1,0,0,0,0,0
2014/02/03,09,70,26,0,0,0,0,0
2014/02/03,10,63,19,0,0,0,0,0
2014/02/03,11,68,18,0,0,0,0,0
2014/02/03,12,68,15,0,0,0,0,0
2014/02/03,13,75,19,0,0,0,0,0
2014/02/03,14,74,18,0,0,0,0,0
2014/02/03,15,73,17,0,0,0,0,0
2014/02/03,16,76,22,0,0,0,0,0
2014/02/03,17,65,7,0,0,0,0,0
2014/02/03,18,65,4,0,0,0,0,0
2014/02/03,19,63,3,0,0,0,0,0
2014/02/03,20,63,2,0,0,0,0,0
2014/02/03,21,62,2,0,0,0,0,0
2014/02/03,22,64,2,0,0,0,0,0
2014/02/03,23,56,2,0,0,0,0,0
2014/02/03,24,55,2,0,0,0,0,0
2014/02/04,01,17,1,0,0,0,0,0
2014/02/04,02,15,1,0,0,0,0,0
2014/02/04,03,13,1,0,0,0,0,0
2014/02/04,04,11,1,0,0,0,0,0
2014/02/04,05,11,1,0,0,0,0,0
2014/02/04,06,11,1,0,0,0,0,0
2014/02/04,07,11,1,0,0,0,0,0
2014/02/04,08,23,8,0,0,0,0,0
2014/02/04,09,52,17,0,0,0,0,0
2014/02/04,10,61,13,0,0,0,0,0
2014/02/04,11,64,12,0,0,0,0,0
2014/02/04,12,67,10,0,0,0,0,0
2014/02/04,13,68,10,0,0,0,0,0
2014/02/04,14,70,11,0,0,0,0,0
2014/02/04,15,70,11,0,0,0,0,0
2014/02/04,16,70,11,0,0,0,0,0
2014/02/04,17,80,12,0,0,0,0,0
2014/02/04,18,81,15,0,0,0,0,0
2014/02/04,19,81,15,0,0,0,0,0
2014/02/04,20,78,13,0,0,0,0,0
2014/02/04,21,79,13,0,0,0,0,0
2014/02/04,22,78,14,0,0,0,0,0
2014/02/04,23,73,16,0,0,0,0,0
2014/02/04,24,64,17,0,0,0,0,0
2014/02/05,01,24,2,0,0,0,0,0
2014/02/05,02,16,1,0,0,0,0,0
2014/02/05,03,13,1,0,0,0,0,0
2014/02/05,04,11,1,0,0,0,0,0
2014/02/05,05,11,1,0,0,0,0,0
2014/02/05,06,11,1,0,0,0,0,0
2014/02/05,07,11,1,0,0,0,0,0
2014/02/05,08,31,11,0,0,0,0,0
2014/02/05,09,79,34,0,0,0,0,0
2014/02/05,10,74,27,0,0,0,0,0
2014/02/05,11,82,28,0,0,0,0,0
2014/02/05,12,83,24,0,0,0,0,0
2014/02/05,13,83,22,0,0,0,0,0
2014/02/05,14,79,18,0,0,0,0,0
2014/02/05,15,76,17,0,0,0,0,0
2014/02/05,16,77,16,0,0,0,0,0
2014/02/05,17,81,17,0,0,0,0,0
2014/02/05,18,86,18,0,0,0,0,0
2014/02/05,19,83,17,0,0,0,0,0
2014/02/05,20,83,18,0,0,0,0,0
2014/02/05,21,84,17,0,0,0,0,0
2014/02/05,22,86,18,0,0,0,0,0
2014/02/05,23,78,17,0,0,0,0,0
2014/02/05,24,73,17,0,0,0,0,0
2014/02/06,01,20,1,0,0,0,0,0
2014/02/06,02,15,1,0,0,0,0,0
2014/02/06,03,13,1,0,0,0,0,0
2014/02/06,04,12,1,0,0,0,0,0
2014/02/06,05,12,1,0,0,0,0,0
2014/02/06,06,11,1,0,0,0,0,0
2014/02/06,07,12,1,0,0,0,0,0
2014/02/06,08,12,1,0,0,0,0,0
2014/02/06,09,45,19,0,0,0,0,0
2014/02/06,10,73,27,0,0,0,0,0
2014/02/06,11,80,27,0,0,0,0,0
2014/02/06,12,81,21,0,0,0,0,0
2014/02/06,13,82,19,0,0,0,0,0
2014/02/06,14,80,17,0,0,0,0,0
2014/02/06,15,75,14,0,0,0,0,0
2014/02/06,16,74,14,0,0,0,0,0
2014/02/06,17,77,14,0,0,0,0,0
2014/02/06,18,82,15,0,0,0,0,0
2014/02/06,19,81,14,0,0,0,0,0
2014/02/06,20,81,14,0,0,0,0,0
2014/02/06,21,79,14,0,0,0,0,0
2014/02/06,22,78,13,0,0,0,0,0
2014/02/06,23,72,14,0,0,0,0,0
2014/02/06,24,69,14,0,0,0,0,0
2014/02/07,01,24,1,0,0,0,0,0
2014/02/07,02,17,1,0,0,0,0,0
2014/02/07,03,14,1,0,0,0,0,0
2014/02/07,04,13,1,0,0,0,0,0
2014/02/07,05,12,1,0,0,0,0,0
2014/02/07,06,12,1,0,0,0,0,0
2014/02/07,07,12,1,0,0,0,0,0
2014/02/07,08,15,1,0,0,0,0,0
2014/02/07,09,47,18,0,0,0,0,0
2014/02/07,10,70,24,0,0,0,0,0
2014/02/07,11,77,24,0,0,0,0,0
2014/02/07,12,80,20,0,0,0,0,0
2014/02/07,13,80,18,0,0,0,0,0
2014/02/07,14,79,16,0,0,0,0,0
2014/02/07,15,75,14,0,0,0,0,0
2014/02/07,16,74,13,0,0,0,0,0
2014/02/07,17,78,14,0,0,0,0,0
2014/02/07,18,79,13,0,0,0,0,0
2014/02/07,19,79,13,0,0,0,0,0
2014/02/07,20,79,12,0,0,0,0,0
2014/02/07,21,79,12,0,0,0,0,0
2014/02/07,22,77,11,0,0,0,0,0
2014/02/07,23,69,11,0,0,0,0,0
2014/02/07,24,67,10,0,0,0,0,0
2014/02/08,01,20,1,0,0,0,0,0
2014/02/08,02,17,1,0,0,0,0,0
2014/02/08,03,15,1,0,0,0,0,0
2014/02/08,04,14,1,0,0,0,0,0
2014/02/08,05,11,1,0,0,0,0,0
2014/02/08,06,11,1,0,0,0,0,0
2014/02/08,07,11,1,0,0,0,0,0
2014/02/08,08,12,1,0,0,0,0,0
2014/02/08,09,61,26,0,0,0,0,0
2014/02/08,10,80,31,0,0,0,0,0
2014/02/08,11,89,30,0,0,0,0,0
2014/02/08,12,88,27,0,0,0,0,0
2014/02/08,13,90,29,0,0,0,0,0
2014/02/08,14,89,27,0,0,0,0,0
2014/02/08,15,87,26,0,0,0,0,0
2014/02/08,16,90,27,0,0,0,0,0
2014/02/08,17,99,29,0,0,0,0,0
2014/02/08,18,99,32,0,0,0,0,0
2014/02/08,19,100,32,0,0,0,0,0
2014/02/08,20,104,36,0,0,0,0,0
2014/02/08,21,101,32,0,0,0,0,0
2014/02/08,22,99,31,0,0,0,0,0
2014/02/08,23,88,27,0,0,0,0,0
2014/02/08,24,79,24,0,0,0,0,0
2014/02/09,01,18,2,0,0,0,0,0
2014/02/09,02,14,1,0,0,0,0,0
2014/02/09,03,14,1,0,0,0,0,0
2014/02/09,04,13,1,0,0,0,0,0
2014/02/09,05,13,1,0,0,0,0,0
2014/02/09,06,12,1,0,0,0,0,0
2014/02/09,07,12,1,0,0,0,0,0
2014/02/09,08,13,1,0,0,0,0,0
2014/02/09,09,21,7,0,0,0,0,0
2014/02/09,10,72,35,0,0,0,0,0
2014/02/09,11,81,28,0,0,0,0,0
2014/02/09,12,81,24,0,0,0,0,0
2014/02/09,13,78,20,0,0,0,0,0
2014/02/09,14,77,19,0,0,0,0,0
2014/02/09,15,75,16,0,0,0,0,0
2014/02/09,16,76,14,0,0,0,0,0
2014/02/09,17,76,13,0,0,0,0,0
2014/02/09,18,80,15,0,0,0,0,0
2014/02/09,19,79,14,0,0,0,0,0
2014/02/09,20,80,15,0,0,0,0,0
2014/02/09,21,82,14,0,0,0,0,0
2014/02/09,22,78,13,0,0,0,0,0
2014/02/09,23,71,13,0,0,0,0,0
2014/02/09,24,67,11,0,0,0,0,0
2014/02/10,01,68,13,0,0,0,0,0
2014/02/10,02,52,9,0,0,0,0,0
2014/02/10,03,13,1,0,0,0,0,0
2014/02/10,04,12,1,0,0,0,0,0
2014/02/10,05,12,1,0,0,0,0,0
2014/02/10,06,11,1,0,0,0,0,0
2014/02/10,07,15,1,0,0,0,0,0
2014/02/10,08,40,1,0,0,0,0,0
2014/02/10,09,59,16,0,0,0,0,0
2014/02/10,10,64,19,0,0,0,0,0
2014/02/10,11,71,20,0,0,0,0,0
2014/02/10,12,77,17,0,0,0,0,0
2014/02/10,13,78,16,0,0,0,0,0
2014/02/10,14,75,13,0,0,0,0,0
2014/02/10,15,71,12,0,0,0,0,0
2014/02/10,16,73,12,0,0,0,0,0
2014/02/10,17,75,11,0,0,0,0,0
2014/02/10,18,76,11,0,0,0,0,0
2014/02/10,19,76,12,0,0,0,0,0
2014/02/10,20,76,11,0,0,0,0,0
2014/02/10,21,76,11,0,0,0,0,0
2014/02/10,22,75,10,0,0,0,0,0
2014/02/10,23,69,10,0,0,0,0,0
2014/02/10,24,67,10,0,0,0,0,0
2014/02/11,01,27,2,0,0,0,0,0
2014/02/11,02,18,1,0,0,0,0,0
2014/02/11,03,14,1,0,0,0,0,0
2014/02/11,04,12,1,0,0,0,0,0
2014/02/11,05,12,1,0,0,0,0,0
2014/02/11,06,12,1,0,0,0,0,0
2014/02/11,07,12,1,0,0,0,0,0
2014/02/11,08,12,1,0,0,0,0,0
2014/02/11,09,49,21,0,0,0,0,0
2014/02/11,10,78,29,0,0,0,0,0
2014/02/11,11,86,26,0,0,0,0,0
2014/02/11,12,82,21,0,0,0,0,0
2014/02/11,13,80,19,0,0,0,0,0
2014/02/11,14,79,17,0,0,0,0,0
2014/02/11,15,74,16,0,0,0,0,0
2014/02/11,16,73,15,0,0,0,0,0
2014/02/11,17,78,14,0,0,0,0,0
2014/02/11,18,81,15,0,0,0,0,0
2014/02/11,19,80,15,0,0,0,0,0
2014/02/11,20,79,14,0,0,0,0,0
2014/02/11,21,79,14,0,0,0,0,0
2014/02/11,22,79,13,0,0,0,0,0
2014/02/11,23,73,14,0,0,0,0,0
2014/02/11,24,67,14,0,0,0,0,0
2014/02/12,01,21,2,0,0,0,0,0
2014/02/12,02,15,1,0,0,0,0,0
2014/02/12,03,12,1,0,0,0,0,0
2014/02/12,04,11,1,0,0,0,0,0
2014/02/12,05,11,1,0,0,0,0,0
2014/02/12,06,10,1,0,0,0,0,0
2014/02/12,07,11,1,0,0,0,0,0
2014/02/12,08,12,1,0,0,0,0,0
2014/02/12,09,49,21,0,0,0,0,0
2014/02/12,10,76,29,0,0,0,0,0
2014/02/12,11,78,26,0,0,0,0,0
2014/02/12,12,79,21,0,0,0,0,0
2014/02/12,13,79,17,0,0,0,0,0
2014/02/12,14,76,15,0,0,0,0,0
2014/02/12,15,71,13,0,0,0,0,0
2014/02/12,16,71,12,0,0,0,0,0
2014/02/12,17,76,13,0,0,0,0,0
2014/02/12,18,76,13,0,0,0,0,0
2014/02/12,19,76,13,0,0,0,0,0
2014/02/12,20,78,13,0,0,0,0,0
2014/02/12,21,76,12,0,0,0,0,0
2014/02/12,22,78,13,0,0,0,0,0
2014/02/12,23,70,12,0,0,0,0,0
2014/02/12,24,61,13,0,0,0,0,0
2014/02/13,01,20,1,0,0,0,0,0
2014/02/13,02,15,1,0,0,0,0,0
2014/02/13,03,13,1,0,0,0,0,0
2014/02/13,04,12,1,0,0,0,0,0
2014/02/13,05,11,1,0,0,0,0,0
2014/02/13,06,11,1,0,0,0,0,0
2014/02/13,07,12,1,0,0,0,0,0
2014/02/13,08,12,1,0,0,0,0,0
2014/02/13,09,42,17,0,0,0,0,0
2014/02/13,10,67,23,0,0,0,0,0
2014/02/13,11,73,23,0,0,0,0,0
2014/02/13,12,74,18,0,0,0,0,0
2014/02/13,13,74,16,0,0,0,0,0
2014/02/13,14,73,13,0,0,0,0,0
2014/02/13,15,69,12,0,0,0,0,0
2014/02/13,16,70,12,0,0,0,0,0
2014/02/13,17,70,11,0,0,0,0,0
2014/02/13,18,71,11,0,0,0,0,0
2014/02/13,19,73,10,0,0,0,0,0
2014/02/13,20,74,10,0,0,0,0,0
2014/02/13,21,73,9,0,0,0,0,0
2014/02/13,22,73,9,0,0,0,0,0
2014/02/13,23,68,10,0,0,0,0,0
2014/02/13,24,64,9,0,0,0,0,0
2014/02/14,01,37,5,0,0,0,0,0
2014/02/14,02,14,1,0,0,0,0,0
2014/02/14,03,11,1,0,0,0,0,0
2014/02/14,04,11,1,0,0,0,0,0
2014/02/14,05,10,1,0,0,0,0,0
2014/02/14,06,10,1,0,0,0,0,0
2014/02/14,07,11,1,0,0,0,0,0
2014/02/14,08,14,1,0,0,0,0,0
2014/02/14,09,42,15,0,0,0,0,0
2014/02/14,10,71,27,0,0,0,0,0
2014/02/14,11,80,27,0,0,0,0,0
2014/02/14,12,85,23,0,0,0,0,0
2014/02/14,13,87,23,0,0,0,0,0
2014/02/14,14,86,21,0,0,0,0,0
2014/02/14,15,83,21,0,0,0,0,0
2014/02/14,16,83,21,0,0,0,0,0
2014/02/14,17,92,22,0,0,0,0,0
2014/02/14,18,91,22,0,0,0,0,0
2014/02/14,19,88,22,0,0,0,0,0
2014/02/14,20,91,22,0,0,0,0,0
2014/02/14,21,90,21,0,0,0,0,0
2014/02/14,22,90,23,0,0,0,0,0
2014/02/14,23,84,24,0,0,0,0,0
2014/02/14,24,80,22,0,0,0,0,0
2014/02/15,01,22,1,0,0,0,0,0
2014/02/15,02,17,1,0,0,0,0,0
2014/02/15,03,15,1,0,0,0,0,0
2014/02/15,04,14,1,0,0,0,0,0
2014/02/15,05,14,1,0,0,0,0,0
2014/02/15,06,13,1,0,0,0,0,0
2014/02/15,07,13,1,0,0,0,0,0
2014/02/15,08,13,1,0,0,0,0,0
2014/02/15,09,79,36,0,0,0,0,0
2014/02/15,10,83,33,0,0,0,0,0
2014/02/15,11,89,29,0,0,0,0,0
2014/02/15,12,87,24,0,0,0,0,0
2014/02/15,13,84,21,0,0,0,0,0
2014/02/15,14,83,19,0,0,0,0,0
2014/02/15,15,79,17,0,0,0,0,0
2014/02/15,16,78,16,0,0,0,0,0
2014/02/15,17,84,15,0,0,0,0,0
2014/02/15,18,85,18,0,0,0,0,0
2014/02/15,19,84,18,0,0,0,0,0
2014/02/15,20,82,15,0,0,0,0,0
2014/02/15,21,81,15,0,0,0,0,0
2014/02/15,22,80,14,0,0,0,0,0
2014/02/15,23,73,12,0,0,0,0,0
2014/02/15,24,67,11,0,0,0,0,0
2014/02/16,01,23,1,0,0,0,0,0
2014/02/16,02,19,1,0,0,0,0,0
2014/02/16,03,16,1,0,0,0,0,0
2014/02/16,04,14,1,0,0,0,0,0
2014/02/16,05,12,1,0,0,0,0,0
2014/02/16,06,12,1,0,0,0,0,0
2014/02/16,07,12,1,0,0,0,0,0
2014/02/16,08,12,1,0,0,0,0,0
2014/02/16,09,61,26,0,0,0,0,0
2014/02/16,10,70,23,0,0,0,0,0
2014/02/16,11,75,23,0,0,0,0,0
2014/02/16,12,77,19,0,0,0,0,0
2014/02/16,13,76,16,0,0,0,0,0
2014/02/16,14,77,15,0,0,0,0,0
2014/02/16,15,75,15,0,0,0,0,0
2014/02/16,16,73,14,0,0,0,0,0
2014/02/16,17,78,15,0,0,0,0,0
2014/02/16,18,81,14,0,0,0,0,0
2014/02/16,19,77,12,0,0,0,0,0
2014/02/16,20,78,12,0,0,0,0,0
2014/02/16,21,79,12,0,0,0,0,0
2014/02/16,22,79,12,0,0,0,0,0
2014/02/16,23,70,11,0,0,0,0,0
2014/02/16,24,65,9,0,0,0,0,0
2014/02/17,01,64,10,0,0,0,0,0
2014/02/17,02,34,4,0,0,0,0,0
2014/02/17,03,12,1,0,0,0,0,0
2014/02/17,04,11,1,0,0,0,0,0
2014/02/17,05,26,11,0,0,0,0,0
2014/02/17,06,49,25,0,0,0,0,0
2014/02/17,07,63,23,0,0,0,0,0
2014/02/17,08,60,19,0,0,0,0,0
2014/02/17,09,60,17,0,0,0,0,0
2014/02/17,10,59,14,0,0,0,0,0
2014/02/17,11,66,14,0,0,0,0,0
2014/02/17,12,66,10,0,0,0,0,0
2014/02/17,13,66,8,0,0,0,0,0
2014/02/17,14,66,9,0,0,0,0,0
2014/02/17,15,63,7,0,0,0,0,0
2014/02/17,16,65,8,0,0,0,0,0
2014/02/17,17,70,9,0,0,0,0,0
2014/02/17,18,74,10,0,0,0,0,0
2014/02/17,19,76,11,0,0,0,0,0
2014/02/17,20,75,11,0,0,0,0,0
2014/02/17,21,77,12,0,0,0,0,0
2014/02/17,22,74,12,0,0,0,0,0
2014/02/17,23,69,12,0,0,0,0,0
2014/02/17,24,65,11,0,0,0,0,0
2014/02/18,01,21,1,0,0,0,0,0
2014/02/18,02,15,1,0,0,0,0,0
2014/02/18,03,12,1,0,0,0,0,0
2014/02/18,04,11,1,0,0,0,0,0
2014/02/18,05,11,1,0,0,0,0,0
2014/02/18,06,11,1,0,0,0,0,0
2014/02/18,07,11,1,0,0,0,0,0
2014/02/18,08,12,1,0,0,0,0,0
2014/02/18,09,70,30,0,0,0,0,0
2014/02/18,10,74,27,0,0,0,0,0
2014/02/18,11,79,25,0,0,0,0,0
2014/02/18,12,78,19,0,0,0,0,0
2014/02/18,13,78,18,0,0,0,0,0
2014/02/18,14,76,15,0,0,0,0,0
2014/02/18,15,74,13,0,0,0,0,0
2014/02/18,16,74,13,0,0,0,0,0
2014/02/18,17,77,13,0,0,0,0,0
2014/02/18,18,81,13,0,0,0,0,0
2014/02/18,19,79,14,0,0,0,0,0
2014/02/18,20,82,15,0,0,0,0,0
2014/02/18,21,81,15,0,0,0,0,0
2014/02/18,22,79,15,0,0,0,0,0
2014/02/18,23,74,15,0,0,0,0,0
2014/02/18,24,69,13,0,0,0,0,0
2014/02/19,01,23,1,0,0,0,0,0
2014/02/19,02,15,1,0,0,0,0,0
2014/02/19,03,13,1,0,0,0,0,0
2014/02/19,04,11,1,0,0,0,0,0
2014/02/19,05,11,1,0,0,0,0,0
2014/02/19,06,11,1,0,0,0,0,0
2014/02/19,07,11,1,0,0,0,0,0
2014/02/19,08,11,1,0,0,0,0,0
2014/02/19,09,64,29,0,0,0,0,0
2014/02/19,10,75,28,0,0,0,0,0
2014/02/19,11,80,26,0,0,0,0,0
2014/02/19,12,80,22,0,0,0,0,0
2014/02/19,13,80,19,0,0,0,0,0
2014/02/19,14,77,15,0,0,0,0,0
2014/02/19,15,76,14,0,0,0,0,0
2014/02/19,16,72,12,0,0,0,0,0
2014/02/19,17,73,11,0,0,0,0,0
2014/02/19,18,77,12,0,0,0,0,0
2014/02/19,19,76,11,0,0,0,0,0
2014/02/19,20,77,11,0,0,0,0,0
2014/02/19,21,77,11,0,0,0,0,0
2014/02/19,22,77,11,0,0,0,0,0
2014/02/19,23,72,13,0,0,0,0,0
2014/02/19,24,67,12,0,0,0,0,0
2014/02/20,01,22,1,0,0,0,0,0
2014/02/20,02,16,1,0,0,0,0,0
2014/02/20,03,13,1,0,0,0,0,0
2014/02/20,04,12,1,0,0,0,0,0
2014/02/20,05,12,1,0,0,0,0,0
2014/02/20,06,12,1,0,0,0,0,0
2014/02/20,07,12,1,0,0,0,0,0
2014/02/20,08,13,1,0,0,0,0,0
2014/02/20,09,67,30,0,0,0,0,0
2014/02/20,10,73,25,0,0,0,0,0
2014/02/20,11,76,23,0,0,0,0,0
2014/02/20,12,76,18,0,0,0,0,0
2014/02/20,13,75,16,0,0,0,0,0
2014/02/20,14,73,15,0,0,0,0,0
2014/02/20,15,69,13,0,0,0,0,0
2014/02/20,16,70,12,0,0,0,0,0
2014/02/20,17,75,13,0,0,0,0,0
2014/02/20,18,77,12,0,0,0,0,0
2014/02/20,19,76,11,0,0,0,0,0
2014/02/20,20,77,12,0,0,0,0,0
2014/02/20,21,77,10,0,0,0,0,0
2014/02/20,22,76,10,0,0,0,0,0
2014/02/20,23,70,10,0,0,0,0,0
2014/02/20,24,64,9,0,0,0,0,0
2014/02/21,01,27,3,0,0,0,0,0
2014/02/21,02,15,1,0,0,0,0,0
2014/02/21,03,13,1,0,0,0,0,0
2014/02/21,04,12,1,0,0,0,0,0
2014/02/21,05,11,1,0,0,0,0,0
2014/02/21,06,11,1,0,0,0,0,0
2014/02/21,07,12,1,0,0,0,0,0
2014/02/21,08,13,1,0,0,0,0,0
2014/02/21,09,45,17,0,0,0,0,0
2014/02/21,10,66,22,0,0,0,0,0
2014/02/21,11,74,21,0,0,0,0,0
2014/02/21,12,75,18,0,0,0,0,0
2014/02/21,13,73,15,0,0,0,0,0
2014/02/21,14,71,11,0,0,0,0,0
2014/02/21,15,71,11,0,0,0,0,0
2014/02/21,16,71,12,0,0,0,0,0
2014/02/21,17,74,12,0,0,0,0,0
2014/02/21,18,77,12,0,0,0,0,0
2014/02/21,19,80,14,0,0,0,0,0
2014/02/21,20,79,13,0,0,0,0,0
2014/02/21,21,79,13,0,0,0,0,0
2014/02/21,22,78,13,0,0,0,0,0
2014/02/21,23,72,13,0,0,0,0,0
2014/02/21,24,68,12,0,0,0,0,0
2014/02/22,01,23,2,0,0,0,0,0
2014/02/22,02,16,1,0,0,0,0,0
2014/02/22,03,15,1,0,0,0,0,0
2014/02/22,04,12,1,0,0,0,0,0
2014/02/22,05,11,1,0,0,0,0,0
2014/02/22,06,11,1,0,0,0,0,0
2014/02/22,07,11,1,0,0,0,0,0
2014/02/22,08,11,1,0,0,0,0,0
2014/02/22,09,63,28,0,0,0,0,0
2014/02/22,10,73,26,0,0,0,0,0
2014/02/22,11,78,24,0,0,0,0,0
2014/02/22,12,78,20,0,0,0,0,0
2014/02/22,13,73,16,0,0,0,0,0
2014/02/22,14,73,14,0,0,0,0,0
2014/02/22,15,68,11,0,0,0,0,0
2014/02/22,16,68,10,0,0,0,0,0
2014/02/22,17,72,11,0,0,0,0,0
2014/02/22,18,75,12,0,0,0,0,0
2014/02/22,19,75,11,0,0,0,0,0
2014/02/22,20,77,11,0,0,0,0,0
2014/02/22,21,77,11,0,0,0,0,0
2014/02/22,22,78,11,0,0,0,0,0
2014/02/22,23,70,10,0,0,0,0,0
2014/02/22,24,66,10,0,0,0,0,0
2014/02/23,01,46,9,0,0,0,0,0
2014/02/23,02,18,1,0,0,0,0,0
2014/02/23,03,16,1,0,0,0,0,0
2014/02/23,04,14,1,0,0,0,0,0
2014/02/23,05,12,1,0,0,0,0,0
2014/02/23,06,11,1,0,0,0,0,0
2014/02/23,07,12,1,0,0,0,0,0
2014/02/23,08,12,1,0,0,0,0,0
2014/02/23,09,71,30,0,0,0,0,0
2014/02/23,10,68,23,0,0,0,0,0
2014/02/23,11,76,25,0,0,0,0,0
2014/02/23,12,75,17,0,0,0,0,0
2014/02/23,13,73,16,0,0,0,0,0
2014/02/23,14,71,14,0,0,0,0,0
2014/02/23,15,70,12,0,0,0,0,0
2014/02/23,16,68,11,0,0,0,0,0
2014/02/23,17,74,11,0,0,0,0,0
2014/02/23,18,78,11,0,0,0,0,0
2014/02/23,19,75,11,0,0,0,0,0
2014/02/23,20,74,10,0,0,0,0,0
2014/02/23,21,76,10,0,0,0,0,0
2014/02/23,22,77,11,0,0,0,0,0
2014/02/23,23,69,9,0,0,0,0,0
2014/02/23,24,66,9,0,0,0,0,0
2014/02/24,01,63,8,0,0,0,0,0
2014/02/24,02,21,2,0,0,0,0,0
2014/02/24,03,12,1,0,0,0,0,0
2014/02/24,04,11,1,0,0,0,0,0
2014/02/24,05,18,6,0,0,0,0,0
2014/02/24,06,48,24,0,0,0,0,0
2014/02/24,07,61,21,0,0,0,0,0
2014/02/24,08,60,19,0,0,0,0,0
2014/02/24,09,59,16,0,0,0,0,0
2014/02/24,10,60,14,0,0,0,0,0
2014/02/24,11,66,15,0,0,0,0,0
2014/02/24,12,68,12,0,0,0,0,0
2014/02/24,13,72,12,0,0,0,0,0
2014/02/24,14,70,12,0,0,0,0,0
2014/02/24,15,68,10,0,0,0,0,0
2014/02/24,16,67,9,0,0,0,0,0
2014/02/24,17,69,9,0,0,0,0,0
2014/02/24,18,73,10,0,0,0,0,0
2014/02/24,19,74,10,0,0,0,0,0
2014/02/24,20,74,9,0,0,0,0,0
2014/02/24,21,73,10,0,0,0,0,0
2014/02/24,22,73,10,0,0,0,0,0
2014/02/24,23,66,9,0,0,0,0,0
2014/02/24,24,64,8,0,0,0,0,0
2014/02/25,01,24,2,0,0,0,0,0
2014/02/25,02,16,1,0,0,0,0,0
2014/02/25,03,13,1,0,0,0,0,0
2014/02/25,04,12,1,0,0,0,0,0
2014/02/25,05,12,1,0,0,0,0,0
2014/02/25,06,11,1,0,0,0,0,0
2014/02/25,07,12,1,0,0,0,0,0
2014/02/25,08,23,1,0,0,0,0,0
2014/02/25,09,68,24,0,0,0,0,0
2014/02/25,10,66,18,0,0,0,0,0
2014/02/25,11,70,17,0,0,0,0,0
2014/02/25,12,70,13,0,0,0,0,0
2014/02/25,13,66,10,0,0,0,0,0
2014/02/25,14,66,8,0,0,0,0,0
2014/02/25,15,63,6,0,0,0,0,0
2014/02/25,16,64,7,0,0,0,0,0
2014/02/25,17,66,7,0,0,0,0,0
2014/02/25,18,70,8,0,0,0,0,0
2014/02/25,19,70,7,0,0,0,0,0
2014/02/25,20,68,6,0,0,0,0,0
2014/02/25,21,69,7,0,0,0,0,0
2014/02/25,22,68,7,0,0,0,0,0
2014/02/25,23,61,7,0,0,0,0,0
2014/02/25,24,58,5,0,0,0,0,0
2014/02/26,01,20,1,0,0,0,0,0
2014/02/26,02,14,1,0,0,0,0,0
2014/02/26,03,11,1,0,0,0,0,0
2014/02/26,04,10,1,0,0,0,0,0
2014/02/26,05,10,1,0,0,0,0,0
2014/02/26,06,10,1,0,0,0,0,0
2014/02/26,07,10,1,0,0,0,0,0
2014/02/26,08,11,1,0,0,0,0,0
2014/02/26,09,59,23,0,0,0,0,0
2014/02/26,10,65,17,0,0,0,0,0
2014/02/26,11,64,14,0,0,0,0,0
2014/02/26,12,64,10,0,0,0,0,0
2014/02/26,13,62,7,0,0,0,0,0
2014/02/26,14,59,5,0,0,0,0,0
2014/02/26,15,59,4,0,0,0,0,0
2014/02/26,16,61,5,0,0,0,0,0
2014/02/26,17,62,4,0,0,0,0,0
2014/02/26,18,65,4,0,0,0,0,0
2014/02/26,19,63,3,0,0,0,0,0
2014/02/26,20,63,3,0,0,0,0,0
2014/02/26,21,64,4,0,0,0,0,0
2014/02/26,22,64,3,0,0,0,0,0
2014/02/26,23,56,3,0,0,0,0,0
2014/02/26,24,56,2,0,0,0,0,0
2014/02/27,01,19,1,0,0,0,0,0
2014/02/27,02,13,1,0,0,0,0,0
2014/02/27,03,12,1,0,0,0,0,0
2014/02/27,04,10,1,0,0,0,0,0
2014/02/27,05,10,1,0,0,0,0,0
2014/02/27,06,11,1,0,0,0,0,0
2014/02/27,07,10,1,0,0,0,0,0
2014/02/27,08,11,1,0,0,0,0,0
2014/02/27,09,59,19,0,0,0,0,0
2014/02/27,10,60,14,0,0,0,0,0
2014/02/27,11,62,12,0,0,0,0,0
2014/02/27,12,62,8,0,0,0,0,0
2014/02/27,13,62,7,0,0,0,0,0
2014/02/27,14,61,5,0,0,0,0,0
2014/02/27,15,61,4,0,0,0,0,0
2014/02/27,16,61,4,0,0,0,0,0
2014/02/27,17,65,3,0,0,0,0,0
2014/02/27,18,67,4,0,0,0,0,0
2014/02/27,19,67,3,0,0,0,0,0
2014/02/27,20,67,2,0,0,0,0,0
2014/02/27,21,67,2,0,0,0,0,0
2014/02/27,22,65,2,0,0,0,0,0
2014/02/27,23,60,2,0,0,0,0,0
2014/02/27,24,58,2,0,0,0,0,0
2014/02/28,01,20,1,0,0,0,0,0
2014/02/28,02,14,1,0,0,0,0,0
2014/02/28,03,12,1,0,0,0,0,0
2014/02/28,04,11,1,0,0,0,0,0
2014/02/28,05,11,1,0,0,0,0,0
2014/02/28,06,11,1,0,0,0,0,0
2014/02/28,07,11,1,0,0,0,0,0
2014/02/28,08,14,1,0,0,0,0,0
2014/02/28,09,39,10,0,0,0,0,0
2014/02/28,10,55,10,0,0,0,0,0
2014/02/28,11,57,7,0,0,0,0,0
2014/02/28,12,57,5,0,0,0,0,0
2014/02/28,13,57,3,0,0,0,0,0
2014/02/28,14,57,3,0,0,0,0,0
2014/02/28,15,56,2,0,0,0,0,0
2014/02/28,16,58,2,0,0,0,0,0
2014/02/28,17,60,2,0,0,0,0,0
2014/02/28,18,63,2,0,0,0,0,0
2014/02/28,19,63,2,0,0,0,0,0
2014/02/28,20,63,2,0,0,0,0,0
2014/02/28,21,64,2,0,0,0,0,0
2014/02/28,22,65,2,0,0,0,0,0
2014/02/28,23,58,2,0,0,0,0,0
2014/02/28,24,58,2,0,0,0,0,0
2014/03/01,01,22,1,0,0,0,0,0
2014/03/01,02,16,1,0,0,0,0,0
2014/03/01,03,14,1,0,0,0,0,0
2014/03/01,04,12,1,0,0,0,0,0
2014/03/01,05,10,1,0,0,0,0,0
2014/03/01,06,10,1,0,0,0,0,0
2014/03/01,07,11,1,0,0,0,0,0
2014/03/01,08,11,1,0,0,0,0,0
2014/03/01,09,51,13,0,0,0,0,0
2014/03/01,10,55,8,0,0,0,0,0
2014/03/01,11,61,7,0,0,0,0,0
2014/03/01,12,62,6,0,0,0,0,0
2014/03/01,13,63,5,0,0,0,0,0
2014/03/01,14,64,5,0,0,0,0,0
2014/03/01,15,63,3,0,0,0,0,0
2014/03/01,16,62,3,0,0,0,0,0
2014/03/01,17,68,3,0,0,0,0,0
2014/03/01,18,65,3,0,0,0,0,0
2014/03/01,19,66,4,0,0,0,0,0
2014/03/01,20,66,3,0,0,0,0,0
2014/03/01,21,66,3,0,0,0,0,0
2014/03/01,22,66,3,0,0,0,0,0
2014/03/01,23,60,4,0,0,0,0,0
2014/03/01,24,54,4,0,0,0,0,0
2014/03/02,01,51,5,0,0,0,0,0
2014/03/02,02,22,1,0,0,0,0,0
2014/03/02,03,16,1,0,0,0,0,0
2014/03/02,04,13,1,0,0,0,0,0
2014/03/02,05,12,1,0,0,0,0,0
2014/03/02,06,11,1,0,0,0,0,0
2014/03/02,07,11,1,0,0,0,0,0
2014/03/02,08,11,1,0,0,0,0,0
2014/03/02,09,50,16,0,0,0,0,0
2014/03/02,10,62,15,0,0,0,0,0
2014/03/02,11,64,13,0,0,0,0,0
2014/03/02,12,70,11,0,0,0,0,0
2014/03/02,13,66,7,0,0,0,0,0
2014/03/02,14,66,7,0,0,0,0,0
2014/03/02,15,64,6,0,0,0,0,0
2014/03/02,16,65,6,0,0,0,0,0
2014/03/02,17,73,6,0,0,0,0,0
2014/03/02,18,73,6,0,0,0,0,0
2014/03/02,19,76,10,0,0,0,0,0
2014/03/02,20,75,9,0,0,0,0,0
2014/03/02,21,74,9,0,0,0,0,0
2014/03/02,22,75,9,0,0,0,0,0
2014/03/02,23,66,9,0,0,0,0,0
2014/03/02,24,64,8,0,0,0,0,0
2014/03/03,01,24,2,0,0,0,0,0
2014/03/03,02,13,1,0,0,0,0,0
2014/03/03,03,12,1,0,0,0,0,0
2014/03/03,04,11,1,0,0,0,0,0
2014/03/03,05,11,1,0,0,0,0,0
2014/03/03,06,10,1,0,0,0,0,0
2014/03/03,07,11,1,0,0,0,0,0
2014/03/03,08,69,26,0,0,0,0,0
2014/03/03,09,61,18,0,0,0,0,0
2014/03/03,10,60,14,0,0,0,0,0
2014/03/03,11,63,13,0,0,0,0,0
2014/03/03,12,65,11,0,0,0,0,0
2014/03/03,13,67,10,0,0,0,0,0
2014/03/03,14,65,9,0,0,0,0,0
2014/03/03,15,65,8,0,0,0,0,0
2014/03/03,16,66,8,0,0,0,0,0
2014/03/03,17,70,8,0,0,0,0,0
2014/03/03,18,73,8,0,0,0,0,0
2014/03/03,19,71,8,0,0,0,0,0
2014/03/03,20,72,8,0,0,0,0,0
2014/03/03,21,72,9,0,0,0,0,0
2014/03/03,22,72,9,0,0,0,0,0
2014/03/03,23,66,10,0,0,0,0,0
2014/03/03,24,65,9,0,0,0,0,0
2014/03/04,01,25,1,0,0,0,0,0
2014/03/04,02,15,1,0,0,0,0,0
2014/03/04,03,13,1,0,0,0,0,0
2014/03/04,04,12,1,0,0,0,0,0
2014/03/04,05,11,1,0,0,0,0,0
2014/03/04,06,12,1,0,0,0,0,0
2014/03/04,07,11,1,0,0,0,0,0
2014/03/04,08,12,1,0,0,0,0,0
2014/03/04,09,61,23,0,0,0,0,0
2014/03/04,10,68,19,0,0,0,0,0
2014/03/04,11,69,15,0,0,0,0,0
2014/03/04,12,67,12,0,0,0,0,0
2014/03/04,13,68,9,0,0,0,0,0
2014/03/04,14,65,8,0,0,0,0,0
2014/03/04,15,64,6,0,0,0,0,0
2014/03/04,16,62,7,0,0,0,0,0
2014/03/04,17,65,7,0,0,0,0,0
2014/03/04,18,69,7,0,0,0,0,0
2014/03/04,19,69,7,0,0,0,0,0
2014/03/04,20,68,6,0,0,0,0,0
2014/03/04,21,66,6,0,0,0,0,0
2014/03/04,22,67,6,0,0,0,0,0
2014/03/04,23,60,6,0,0,0,0,0
2014/03/04,24,59,5,0,0,0,0,0
2014/03/05,01,21,1,0,0,0,0,0
2014/03/05,02,13,1,0,0,0,0,0
2014/03/05,03,12,1,0,0,0,0,0
2014/03/05,04,11,1,0,0,0,0,0
2014/03/05,05,11,1,0,0,0,0,0
2014/03/05,06,10,1,0,0,0,0,0
2014/03/05,07,10,1,0,0,0,0,0
2014/03/05,08,11,1,0,0,0,0,0
2014/03/05,09,64,24,0,0,0,0,0
2014/03/05,10,64,17,0,0,0,0,0
2014/03/05,11,68,16,0,0,0,0,0
2014/03/05,12,68,13,0,0,0,0,0
2014/03/05,13,69,12,0,0,0,0,0
2014/03/05,14,66,10,0,0,0,0,0
2014/03/05,15,66,9,0,0,0,0,0
2014/03/05,16,69,10,0,0,0,0,0
2014/03/05,17,76,10,0,0,0,0,0
2014/03/05,18,75,10,0,0,0,0,0
2014/03/05,19,74,9,0,0,0,0,0
2014/03/05,20,73,9,0,0,0,0,0
2014/03/05,21,72,9,0,0,0,0,0
2014/03/05,22,73,8,0,0,0,0,0
2014/03/05,23,67,8,0,0,0,0,0
2014/03/05,24,62,8,0,0,0,0,0
2014/03/06,01,20,1,0,0,0,0,0
2014/03/06,02,16,1,0,0,0,0,0
2014/03/06,03,13,1,0,0,0,0,0
2014/03/06,04,12,1,0,0,0,0,0
2014/03/06,05,12,1,0,0,0,0,0
2014/03/06,06,11,1,0,0,0,0,0
2014/03/06,07,11,1,0,0,0,0,0
2014/03/06,08,11,1,0,0,0,0,0
2014/03/06,09,44,18,0,0,0,0,0
2014/03/06,10,66,20,0,0,0,0,0
2014/03/06,11,74,22,0,0,0,0,0
2014/03/06,12,76,18,0,0,0,0,0
2014/03/06,13,76,16,0,0,0,0,0
2014/03/06,14,72,13,0,0,0,0,0
2014/03/06,15,72,12,0,0,0,0,0
2014/03/06,16,71,11,0,0,0,0,0
2014/03/06,17,74,11,0,0,0,0,0
2014/03/06,18,79,12,0,0,0,0,0
2014/03/06,19,75,11,0,0,0,0,0
2014/03/06,20,75,11,0,0,0,0,0
2014/03/06,21,74,11,0,0,0,0,0
2014/03/06,22,74,11,0,0,0,0,0
2014/03/06,23,68,12,0,0,0,0,0
2014/03/06,24,63,10,0,0,0,0,0
2014/03/07,01,20,1,0,0,0,0,0
2014/03/07,02,16,1,0,0,0,0,0
2014/03/07,03,14,1,0,0,0,0,0
2014/03/07,04,12,1,0,0,0,0,0
2014/03/07,05,11,1,0,0,0,0,0
2014/03/07,06,11,1,0,0,0,0,0
2014/03/07,07,11,1,0,0,0,0,0
2014/03/07,08,15,1,0,0,0,0,0
2014/03/07,09,45,17,0,0,0,0,0
2014/03/07,10,65,20,0,0,0,0,0
2014/03/07,11,72,21,0,0,0,0,0
2014/03/07,12,70,15,0,0,0,0,0
2014/03/07,13,70,12,0,0,0,0,0
2014/03/07,14,68,10,0,0,0,0,0
2014/03/07,15,67,9,0,0,0,0,0
2014/03/07,16,69,10,0,0,0,0,0
2014/03/07,17,75,11,0,0,0,0,0
2014/03/07,18,76,11,0,0,0,0,0
2014/03/07,19,75,10,0,0,0,0,0
2014/03/07,20,76,11,0,0,0,0,0
2014/03/07,21,78,10,0,0,0,0,0
2014/03/07,22,78,10,0,0,0,0,0
2014/03/07,23,70,11,0,0,0,0,0
2014/03/07,24,65,10,0,0,0,0,0
2014/03/08,01,42,5,0,0,0,0,0
2014/03/08,02,38,2,0,0,0,0,0
2014/03/08,03,42,9,0,0,0,0,0
2014/03/08,04,38,8,0,0,0,0,0
2014/03/08,05,41,15,0,0,0,0,0
2014/03/08,06,31,8,0,0,0,0,0
2014/03/08,07,31,9,0,0,0,0,0
2014/03/08,08,32,9,0,0,0,0,0
2014/03/08,09,56,19,0,0,0,0,0
2014/03/08,10,65,18,0,0,0,0,0
2014/03/08,11,73,16,0,0,0,0,0
2014/03/08,12,69,11,0,0,0,0,0
2014/03/08,13,68,10,0,0,0,0,0
2014/03/08,14,66,8,0,0,0,0,0
2014/03/08,15,64,7,0,0,0,0,0
2014/03/08,16,64,6,0,0,0,0,0
2014/03/08,17,66,6,0,0,0,0,0
2014/03/08,18,70,6,0,0,0,0,0
2014/03/08,19,72,7,0,0,0,0,0
2014/03/08,20,70,7,0,0,0,0,0
2014/03/08,21,71,7,0,0,0,0,0
2014/03/08,22,72,7,0,0,0,0,0
2014/03/08,23,68,8,0,0,0,0,0
2014/03/08,24,63,7,0,0,0,0,0
2014/03/09,01,25,2,0,0,0,0,0
2014/03/09,02,17,1,0,0,0,0,0
2014/03/09,03,16,1,0,0,0,0,0
2014/03/09,04,12,1,0,0,0,0,0
2014/03/09,05,11,1,0,0,0,0,0
2014/03/09,06,11,1,0,0,0,0,0
2014/03/09,07,10,1,0,0,0,0,0
2014/03/09,08,11,1,0,0,0,0,0
2014/03/09,09,42,16,0,0,0,0,0
2014/03/09,10,64,18,0,0,0,0,0
2014/03/09,11,69,17,0,0,0,0,0
2014/03/09,12,69,12,0,0,0,0,0
2014/03/09,13,68,11,0,0,0,0,0
2014/03/09,14,65,8,0,0,0,0,0
2014/03/09,15,64,6,0,0,0,0,0
2014/03/09,16,62,6,0,0,0,0,0
2014/03/09,17,65,7,0,0,0,0,0
2014/03/09,18,70,8,0,0,0,0,0
2014/03/09,19,68,7,0,0,0,0,0
2014/03/09,20,69,7,0,0,0,0,0
2014/03/09,21,70,7,0,0,0,0,0
2014/03/09,22,68,6,0,0,0,0,0
2014/03/09,23,62,7,0,0,0,0,0
2014/03/09,24,60,6,0,0,0,0,0
2014/03/10,01,36,3,0,0,0,0,0
2014/03/10,02,14,1,0,0,0,0,0
2014/03/10,03,12,1,0,0,0,0,0
2014/03/10,04,11,1,0,0,0,0,0
2014/03/10,05,11,1,0,0,0,0,0
2014/03/10,06,11,1,0,0,0,0,0
2014/03/10,07,66,25,0,0,0,0,0
2014/03/10,08,61,19,0,0,0,0,0
2014/03/10,09,61,17,0,0,0,0,0
2014/03/10,10,60,14,0,0,0,0,0
2014/03/10,11,66,15,0,0,0,0,0
2014/03/10,12,70,13,0,0,0,0,0
2014/03/10,13,69,11,0,0,0,0,0
2014/03/10,14,71,10,0,0,0,0,0
2014/03/10,15,70,10,0,0,0,0,0
2014/03/10,16,69,10,0,0,0,0,0
2014/03/10,17,77,12,0,0,0,0,0
2014/03/10,18,78,12,0,0,0,0,0
2014/03/10,19,78,12,0,0,0,0,0
2014/03/10,20,77,12,0,0,0,0,0
2014/03/10,21,77,12,0,0,0,0,0
2014/03/10,22,76,11,0,0,0,0,0
2014/03/10,23,70,13,0,0,0,0,0
2014/03/10,24,67,11,0,0,0,0,0
2014/03/11,01,26,2,0,0,0,0,0
2014/03/11,02,15,1,0,0,0,0,0
2014/03/11,03,13,1,0,0,0,0,0
2014/03/11,04,11,1,0,0,0,0,0
2014/03/11,05,12,1,0,0,0,0,0
2014/03/11,06,12,1,0,0,0,0,0
2014/03/11,07,12,1,0,0,0,0,0
2014/03/11,08,13,1,0,0,0,0,0
2014/03/11,09,74,30,0,0,0,0,0
2014/03/11,10,69,21,0,0,0,0,0
2014/03/11,11,70,17,0,0,0,0,0
2014/03/11,12,70,14,0,0,0,0,0
2014/03/11,13,68,10,0,0,0,0,0
2014/03/11,14,66,8,0,0,0,0,0
2014/03/11,15,65,7,0,0,0,0,0
2014/03/11,16,64,6,0,0,0,0,0
2014/03/11,17,68,8,0,0,0,0,0
2014/03/11,18,68,7,0,0,0,0,0
2014/03/11,19,64,7,0,0,0,0,0
2014/03/11,20,65,8,0,0,0,0,0
2014/03/11,21,64,6,0,0,0,0,0
2014/03/11,22,64,7,0,0,0,0,0
2014/03/11,23,62,7,0,0,0,0,0
2014/03/11,24,60,6,0,0,0,0,0
2014/03/12,01,19,2,0,0,0,0,0
2014/03/12,02,15,1,0,0,0,0,0
2014/03/12,03,12,1,0,0,0,0,0
2014/03/12,04,11,1,0,0,0,0,0
2014/03/12,05,11,1,0,0,0,0,0
2014/03/12,06,11,1,0,0,0,0,0
2014/03/12,07,11,1,0,0,0,0,0
2014/03/12,08,11,1,0,0,0,0,0
2014/03/12,09,64,23,0,0,0,0,0
2014/03/12,10,61,14,0,0,0,0,0
2014/03/12,11,63,12,0,0,0,0,0
2014/03/12,12,62,8,0,0,0,0,0
2014/03/12,13,60,6,0,0,0,0,0
2014/03/12,14,59,4,0,0,0,0,0
2014/03/12,15,59,3,0,0,0,0,0
2014/03/12,16,59,3,0,0,0,0,0
2014/03/12,17,61,3,0,0,0,0,0
2014/03/12,18,65,3,0,0,0,0,0
2014/03/12,19,64,3,0,0,0,0,0
2014/03/12,20,66,3,0,0,0,0,0
2014/03/12,21,64,3,0,0,0,0,0
2014/03/12,22,65,3,0,0,0,0,0
2014/03/12,23,57,3,0,0,0,0,0
2014/03/12,24,57,2,0,0,0,0,0
2014/03/13,01,18,1,0,0,0,0,0
2014/03/13,02,15,1,0,0,0,0,0
2014/03/13,03,14,1,0,0,0,0,0
2014/03/13,04,12,1,0,0,0,0,0
2014/03/13,05,11,1,0,0,0,0,0
2014/03/13,06,10,1,0,0,0,0,0
2014/03/13,07,10,1,0,0,0,0,0
2014/03/13,08,11,1,0,0,0,0,0
2014/03/13,09,36,11,0,0,0,0,0
2014/03/13,10,57,13,0,0,0,0,0
2014/03/13,11,61,11,0,0,0,0,0
2014/03/13,12,62,8,0,0,0,0,0
2014/03/13,13,59,5,0,0,0,0,0
2014/03/13,14,55,2,0,0,0,0,0
2014/03/13,15,56,2,0,0,0,0,0
2014/03/13,16,56,2,0,0,0,0,0
2014/03/13,17,59,2,0,0,0,0,0
2014/03/13,18,63,2,0,0,0,0,0
2014/03/13,19,62,2,0,0,0,0,0
2014/03/13,20,63,2,0,0,0,0,0
2014/03/13,21,63,2,0,0,0,0,0
2014/03/13,22,63,2,0,0,0,0,0
2014/03/13,23,57,2,0,0,0,0,0
2014/03/13,24,57,2,0,0,0,0,0
2014/03/14,01,27,1,0,0,0,0,0
2014/03/14,02,15,1,0,0,0,0,0
2014/03/14,03,13,1,0,0,0,0,0
2014/03/14,04,11,1,0,0,0,0,0
2014/03/14,05,11,1,0,0,0,0,0
2014/03/14,06,11,1,0,0,0,0,0
2014/03/14,07,11,1,0,0,0,0,0
2014/03/14,08,13,1,0,0,0,0,0
2014/03/14,09,33,6,0,0,0,0,0
2014/03/14,10,51,6,0,0,0,0,0
2014/03/14,11,53,5,0,0,0,0,0
2014/03/14,12,56,3,0,0,0,0,0
2014/03/14,13,59,2,0,0,0,0,0
2014/03/14,14,58,2,0,0,0,0,0
2014/03/14,15,59,2,0,0,0,0,0
2014/03/14,16,61,2,0,0,0,0,0
2014/03/14,17,62,2,0,0,0,0,0
2014/03/14,18,66,2,0,0,0,0,0
2014/03/14,19,66,2,0,0,0,0,0
2014/03/14,20,65,2,0,0,0,0,0
2014/03/14,21,67,2,0,0,0,0,0
2014/03/14,22,66,2,0,0,0,0,0
2014/03/14,23,60,4,0,0,0,0,0
2014/03/14,24,57,2,0,0,0,0,0
2014/03/15,01,19,1,0,0,0,0,0
2014/03/15,02,18,1,0,0,0,0,0
2014/03/15,03,18,1,0,0,0,0,0
2014/03/15,04,14,1,0,0,0,0,0
2014/03/15,05,12,1,0,0,0,0,0
2014/03/15,06,11,1,0,0,0,0,0
2014/03/15,07,11,1,0,0,0,0,0
2014/03/15,08,11,1,0,0,0,0,0
2014/03/15,09,46,16,0,0,0,0,0
2014/03/15,10,62,15,0,0,0,0,0
2014/03/15,11,67,12,0,0,0,0,0
2014/03/15,12,62,6,0,0,0,0,0
2014/03/15,13,61,4,0,0,0,0,0
2014/03/15,14,63,3,0,0,0,0,0
2014/03/15,15,59,2,0,0,0,0,0
2014/03/15,16,60,2,0,0,0,0,0
2014/03/15,17,61,2,0,0,0,0,0
2014/03/15,18,67,3,0,0,0,0,0
2014/03/15,19,67,4,0,0,0,0,0
2014/03/15,20,66,3,0,0,0,0,0
2014/03/15,21,68,3,0,0,0,0,0
2014/03/15,22,69,4,0,0,0,0,0
2014/03/15,23,60,3,0,0,0,0,0
2014/03/15,24,58,2,0,0,0,0,0
2014/03/16,01,23,1,0,0,0,0,0
2014/03/16,02,17,1,0,0,0,0,0
2014/03/16,03,15,1,0,0,0,0,0
2014/03/16,04,12,1,0,0,0,0,0
2014/03/16,05,12,1,0,0,0,0,0
2014/03/16,06,11,1,0,0,0,0,0
2014/03/16,07,11,1,0,0,0,0,0
2014/03/16,08,11,1,0,0,0,0,0
2014/03/16,09,40,13,0,0,0,0,0
2014/03/16,10,59,13,0,0,0,0,0
2014/03/16,11,60,10,0,0,0,0,0
2014/03/16,12,62,5,0,0,0,0,0
2014/03/16,13,59,3,0,0,0,0,0
2014/03/16,14,57,2,0,0,0,0,0
2014/03/16,15,58,2,0,0,0,0,0
2014/03/16,16,70,13,0,0,0,0,0
2014/03/16,17,73,14,0,0,0,0,0
2014/03/16,18,77,13,0,0,0,0,0
2014/03/16,19,79,15,0,0,0,0,0
2014/03/16,20,75,12,0,0,0,0,0
2014/03/16,21,74,11,0,0,0,0,0
2014/03/16,22,71,10,0,0,0,0,0
2014/03/16,23,67,12,0,0,0,0,0
2014/03/16,24,65,9,0,0,0,0,0
2014/03/17,01,48,6,0,0,0,0,0
2014/03/17,02,13,1,0,0,0,0,0
2014/03/17,03,11,1,0,0,0,0,0
2014/03/17,04,17,5,0,0,0,0,0
2014/03/17,05,44,21,0,0,0,0,0
2014/03/17,06,46,18,0,0,0,0,0
2014/03/17,07,56,16,0,0,0,0,0
2014/03/17,08,55,14,0,0,0,0,0
2014/03/17,09,56,15,0,0,0,0,0
2014/03/17,10,60,14,0,0,0,0,0
2014/03/17,11,60,11,0,0,0,0,0
2014/03/17,12,69,15,0,0,0,0,0
2014/03/17,13,76,18,0,0,0,0,0
2014/03/17,14,72,16,0,0,0,0,0
2014/03/17,15,72,15,0,0,0,0,0
2014/03/17,16,74,17,0,0,0,0,0
2014/03/17,17,75,15,0,0,0,0,0
2014/03/17,18,78,17,0,0,0,0,0
2014/03/17,19,75,14,0,0,0,0,0
2014/03/17,20,76,15,0,0,0,0,0
2014/03/17,21,73,12,0,0,0,0,0
2014/03/17,22,73,12,0,0,0,0,0
2014/03/17,23,67,11,0,0,0,0,0
2014/03/17,24,66,10,0,0,0,0,0
2014/03/18,01,21,1,0,0,0,0,0
2014/03/18,02,15,1,0,0,0,0,0
2014/03/18,03,11,1,0,0,0,0,0
2014/03/18,04,11,1,0,0,0,0,0
2014/03/18,05,11,1,0,0,0,0,0
2014/03/18,06,11,1,0,0,0,0,0
2014/03/18,07,11,1,0,0,0,0,0
2014/03/18,08,11,1,0,0,0,0,0
2014/03/18,09,53,16,0,0,0,0,0
2014/03/18,10,64,16,0,0,0,0,0
2014/03/18,11,61,12,0,0,0,0,0
2014/03/18,12,62,10,0,0,0,0,0
2014/03/18,13,69,15,0,0,0,0,0
2014/03/18,14,67,12,0,0,0,0,0
2014/03/18,15,71,15,0,0,0,0,0
2014/03/18,16,72,15,0,0,0,0,0
2014/03/18,17,72,11,0,0,0,0,0
2014/03/18,18,79,16,0,0,0,0,0
2014/03/18,19,81,17,0,0,0,0,0
2014/03/18,20,77,13,0,0,0,0,0
2014/03/18,21,74,11,0,0,0,0,0
2014/03/18,22,72,10,0,0,0,0,0
2014/03/18,23,63,8,0,0,0,0,0
2014/03/18,24,66,12,0,0,0,0,0
2014/03/19,01,20,1,0,0,0,0,0
2014/03/19,02,14,1,0,0,0,0,0
2014/03/19,03,12,1,0,0,0,0,0
2014/03/19,04,10,1,0,0,0,0,0
2014/03/19,05,10,1,0,0,0,0,0
2014/03/19,06,10,1,0,0,0,0,0
2014/03/19,07,10,1,0,0,0,0,0
2014/03/19,08,10,1,0,0,0,0,0
2014/03/19,09,52,15,0,0,0,0,0
2014/03/19,10,55,9,0,0,0,0,0
2014/03/19,11,56,8,0,0,0,0,0
2014/03/19,12,53,3,0,0,0,0,0
2014/03/19,13,57,5,0,0,0,0,0
2014/03/19,14,59,5,0,0,0,0,0
2014/03/19,15,60,8,0,0,0,0,0
2014/03/19,16,60,5,0,0,0,0,0
2014/03/19,17,65,7,0,0,0,0,0
2014/03/19,18,71,11,0,0,0,0,0
2014/03/19,19,75,14,0,0,0,0,0
2014/03/19,20,73,12,0,0,0,0,0
2014/03/19,21,69,9,0,0,0,0,0
2014/03/19,22,69,8,0,0,0,0,0
2014/03/19,23,61,8,0,0,0,0,0
2014/03/19,24,58,6,0,0,0,0,0
2014/03/20,01,19,1,0,0,0,0,0
2014/03/20,02,13,1,0,0,0,0,0
2014/03/20,03,11,1,0,0,0,0,0
2014/03/20,04,11,1,0,0,0,0,0
2014/03/20,05,10,1,0,0,0,0,0
2014/03/20,06,10,1,0,0,0,0,0
2014/03/20,07,10,1,0,0,0,0,0
2014/03/20,08,11,1,0,0,0,0,0
2014/03/20,09,42,14,0,0,0,0,0
2014/03/20,10,62,16,0,0,0,0,0
2014/03/20,11,70,18,0,0,0,0,0
2014/03/20,12,71,14,0,0,0,0,0
2014/03/20,13,72,13,0,0,0,0,0
2014/03/20,14,73,12,0,0,0,0,0
2014/03/20,15,75,15,0,0,0,0,0
2014/03/20,16,74,15,0,0,0,0,0
2014/03/20,17,79,13,0,0,0,0,0
2014/03/20,18,79,14,0,0,0,0,0
2014/03/20,19,75,11,0,0,0,0,0
2014/03/20,20,72,9,0,0,0,0,0
2014/03/20,21,76,11,0,0,0,0,0
2014/03/20,22,70,7,0,0,0,0,0
2014/03/20,23,63,7,0,0,0,0,0
2014/03/20,24,63,9,0,0,0,0,0
2014/03/21,01,19,1,0,0,0,0,0
2014/03/21,02,15,1,0,0,0,0,0
2014/03/21,03,13,1,0,0,0,0,0
2014/03/21,04,12,1,0,0,0,0,0
2014/03/21,05,11,1,0,0,0,0,0
2014/03/21,06,11,1,0,0,0,0,0
2014/03/21,07,11,1,0,0,0,0,0
2014/03/21,08,14,1,0,0,0,0,0
2014/03/21,09,42,13,0,0,0,0,0
2014/03/21,10,62,17,0,0,0,0,0
2014/03/21,11,74,20,0,0,0,0,0
2014/03/21,12,74,17,0,0,0,0,0
2014/03/21,13,79,20,0,0,0,0,0
2014/03/21,14,69,9,0,0,0,0,0
2014/03/21,15,68,8,0,0,0,0,0
2014/03/21,16,71,11,0,0,0,0,0
2014/03/21,17,72,10,0,0,0,0,0
2014/03/21,18,73,7,0,0,0,0,0
2014/03/21,19,72,8,0,0,0,0,0
2014/03/21,20,75,10,0,0,0,0,0
2014/03/21,21,74,8,0,0,0,0,0
2014/03/21,22,76,9,0,0,0,0,0
2014/03/21,23,70,9,0,0,0,0,0
2014/03/21,24,63,6,0,0,0,0,0
2014/03/22,01,22,1,0,0,0,0,0
2014/03/22,02,16,1,0,0,0,0,0
2014/03/22,03,14,1,0,0,0,0,0
2014/03/22,04,12,1,0,0,0,0,0
2014/03/22,05,11,1,0,0,0,0,0
2014/03/22,06,10,1,0,0,0,0,0
2014/03/22,07,11,1,0,0,0,0,0
2014/03/22,08,10,1,0,0,0,0,0
2014/03/22,09,50,19,0,0,0,0,0
2014/03/22,10,65,20,0,0,0,0,0
2014/03/22,11,71,16,0,0,0,0,0
2014/03/22,12,66,10,0,0,0,0,0
2014/03/22,13,63,8,0,0,0,0,0
2014/03/22,14,70,14,0,0,0,0,0
2014/03/22,15,68,12,0,0,0,0,0
2014/03/22,16,67,11,0,0,0,0,0
2014/03/22,17,66,7,0,0,0,0,0
2014/03/22,18,73,11,0,0,0,0,0
2014/03/22,19,71,9,0,0,0,0,0
2014/03/22,20,73,9,0,0,0,0,0
2014/03/22,21,73,9,0,0,0,0,0
2014/03/22,22,72,7,0,0,0,0,0
2014/03/22,23,68,9,0,0,0,0,0
2014/03/22,24,63,7,0,0,0,0,0
2014/03/23,01,24,1,0,0,0,0,0
2014/03/23,02,17,1,0,0,0,0,0
2014/03/23,03,15,1,0,0,0,0,0
2014/03/23,04,13,1,0,0,0,0,0
2014/03/23,05,11,1,0,0,0,0,0
2014/03/23,06,11,1,0,0,0,0,0
2014/03/23,07,11,1,0,0,0,0,0
2014/03/23,08,11,1,0,0,0,0,0
2014/03/23,09,40,13,0,0,0,0,0
2014/03/23,10,62,17,0,0,0,0,0
2014/03/23,11,60,10,0,0,0,0,0
2014/03/23,12,62,7,0,0,0,0,0
2014/03/23,13,61,7,0,0,0,0,0
2014/03/23,14,61,7,0,0,0,0,0
2014/03/23,15,75,19,0,0,0,0,0
2014/03/23,16,70,15,0,0,0,0,0
2014/03/23,17,73,14,0,0,0,0,0
2014/03/23,18,76,15,0,0,0,0,0
2014/03/23,19,72,11,0,0,0,0,0
2014/03/23,20,76,15,0,0,0,0,0
2014/03/23,21,78,15,0,0,0,0,0
2014/03/23,22,74,13,0,0,0,0,0
2014/03/23,23,67,13,0,0,0,0,0
2014/03/23,24,67,13,0,0,0,0,0
2014/03/24,01,18,1,0,0,0,0,0
2014/03/24,02,13,1,0,0,0,0,0
2014/03/24,03,11,1,0,0,0,0,0
2014/03/24,04,10,1,0,0,0,0,0
2014/03/24,05,10,1,0,0,0,0,0
2014/03/24,06,10,1,0,0,0,0,0
2014/03/24,07,10,1,0,0,0,0,0
2014/03/24,08,10,1,0,0,0,0,0
2014/03/24,09,60,21,0,0,0,0,0
2014/03/24,10,59,12,0,0,0,0,0
2014/03/24,11,61,13,0,0,0,0,0
2014/03/24,12,64,13,0,0,0,0,0
2014/03/24,13,69,15,0,0,0,0,0
2014/03/24,14,73,19,0,0,0,0,0
2014/03/24,15,71,16,0,0,0,0,0
2014/03/24,16,76,20,0,0,0,0,0
2014/03/24,17,78,19,0,0,0,0,0
2014/03/24,18,80,18,0,0,0,0,0
2014/03/24,19,79,18,0,0,0,0,0
2014/03/24,20,83,20,0,0,0,0,0
2014/03/24,21,82,19,0,0,0,0,0
2014/03/24,22,81,19,0,0,0,0,0
2014/03/24,23,76,19,0,0,0,0,0
2014/03/24,24,74,19,0,0,0,0,0
2014/03/25,01,21,2,0,0,0,0,0
2014/03/25,02,15,1,0,0,0,0,0
2014/03/25,03,12,1,0,0,0,0,0
2014/03/25,04,10,1,0,0,0,0,0
2014/03/25,05,10,1,0,0,0,0,0
2014/03/25,06,10,1,0,0,0,0,0
2014/03/25,07,11,1,0,0,0,0,0
2014/03/25,08,11,1,0,0,0,0,0
2014/03/25,09,58,19,0,0,0,0,0
2014/03/25,10,57,8,0,0,0,0,0
2014/03/25,11,59,10,0,0,0,0,0
2014/03/25,12,72,17,0,0,0,0,0
2014/03/25,13,72,17,0,0,0,0,0
2014/03/25,14,76,18,0,0,0,0,0
2014/03/25,15,76,18,0,0,0,0,0
2014/03/25,16,80,21,0,0,0,0,0
2014/03/25,17,78,18,0,0,0,0,0
2014/03/25,18,78,16,0,0,0,0,0
2014/03/25,19,76,15,0,0,0,0,0
2014/03/25,20,73,12,0,0,0,0,0
2014/03/25,21,82,18,0,0,0,0,0
2014/03/25,22,76,13,0,0,0,0,0
2014/03/25,23,73,17,0,0,0,0,0
2014/03/25,24,66,10,0,0,0,0,0
2014/03/26,01,21,2,0,0,0,0,0
2014/03/26,02,13,1,0,0,0,0,0
2014/03/26,03,12,1,0,0,0,0,0
2014/03/26,04,10,1,0,0,0,0,0
2014/03/26,05,10,1,0,0,0,0,0
2014/03/26,06,11,1,0,0,0,0,0
2014/03/26,07,10,1,0,0,0,0,0
2014/03/26,08,11,1,0,0,0,0,0
2014/03/26,09,57,15,0,0,0,0,0
2014/03/26,10,53,6,0,0,0,0,0
2014/03/26,11,54,6,0,0,0,0,0
2014/03/26,12,60,8,0,0,0,0,0
2014/03/26,13,64,10,0,0,0,0,0
2014/03/26,14,66,11,0,0,0,0,0
2014/03/26,15,67,11,0,0,0,0,0
2014/03/26,16,69,13,0,0,0,0,0
2014/03/26,17,74,14,0,0,0,0,0
2014/03/26,18,78,15,0,0,0,0,0
2014/03/26,19,75,12,0,0,0,0,0
2014/03/26,20,73,10,0,0,0,0,0
2014/03/26,21,73,10,0,0,0,0,0
2014/03/26,22,72,9,0,0,0,0,0
2014/03/26,23,69,12,0,0,0,0,0
2014/03/26,24,65,9,0,0,0,0,0
2014/03/27,01,23,1,0,0,0,0,0
2014/03/27,02,16,1,0,0,0,0,0
2014/03/27,03,11,1,0,0,0,0,0
2014/03/27,04,11,1,0,0,0,0,0
2014/03/27,05,10,1,0,0,0,0,0
2014/03/27,06,10,1,0,0,0,0,0
2014/03/27,07,11,1,0,0,0,0,0
2014/03/27,08,11,1,0,0,0,0,0
2014/03/27,09,38,11,0,0,0,0,0
2014/03/27,10,50,6,0,0,0,0,0
2014/03/27,11,55,7,0,0,0,0,0
2014/03/27,12,57,5,0,0,0,0,0
2014/03/27,13,61,7,0,0,0,0,0
2014/03/27,14,61,6,0,0,0,0,0
2014/03/27,15,62,7,0,0,0,0,0
2014/03/27,16,66,8,0,0,0,0,0
2014/03/27,17,74,9,0,0,0,0,0
2014/03/27,18,72,9,0,0,0,0,0
2014/03/27,19,71,8,0,0,0,0,0
2014/03/27,20,74,11,0,0,0,0,0
2014/03/27,21,70,9,0,0,0,0,0
2014/03/27,22,73,10,0,0,0,0,0
2014/03/27,23,64,9,0,0,0,0,0
2014/03/27,24,60,7,0,0,0,0,0
2014/03/28,01,19,1,0,0,0,0,0
2014/03/28,02,14,1,0,0,0,0,0
2014/03/28,03,12,1,0,0,0,0,0
2014/03/28,04,11,1,0,0,0,0,0
2014/03/28,05,11,1,0,0,0,0,0
2014/03/28,06,11,1,0,0,0,0,0
2014/03/28,07,11,1,0,0,0,0,0
2014/03/28,08,14,1,0,0,0,0,0
2014/03/28,09,26,1,0,0,0,0,0
2014/03/28,10,41,1,0,0,0,0,0
2014/03/28,11,58,12,0,0,0,0,0
2014/03/28,12,60,7,0,0,0,0,0
2014/03/28,13,65,10,0,0,0,0,0
2014/03/28,14,69,13,0,0,0,0,0
2014/03/28,15,74,18,0,0,0,0,0
2014/03/28,16,74,17,0,0,0,0,0
2014/03/28,17,74,14,0,0,0,0,0
2014/03/28,18,76,13,0,0,0,0,0
2014/03/28,19,74,12,0,0,0,0,0
2014/03/28,20,78,14,0,0,0,0,0
2014/03/28,21,76,13,0,0,0,0,0
2014/03/28,22,73,10,0,0,0,0,0
2014/03/28,23,69,14,0,0,0,0,0
2014/03/28,24,64,9,0,0,0,0,0
2014/03/29,01,22,1,0,0,0,0,0
2014/03/29,02,17,1,0,0,0,0,0
2014/03/29,03,15,1,0,0,0,0,0
2014/03/29,04,12,1,0,0,0,0,0
2014/03/29,05,10,1,0,0,0,0,0
2014/03/29,06,10,1,0,0,0,0,0
2014/03/29,07,10,1,0,0,0,0,0
2014/03/29,08,10,1,0,0,0,0,0
2014/03/29,09,44,15,0,0,0,0,0
2014/03/29,10,51,6,0,0,0,0,0
2014/03/29,11,60,7,0,0,0,0,0
2014/03/29,12,67,13,0,0,0,0,0
2014/03/29,13,72,15,0,0,0,0,0
2014/03/29,14,72,15,0,0,0,0,0
2014/03/29,15,72,15,0,0,0,0,0
2014/03/29,16,74,14,0,0,0,0,0
2014/03/29,17,73,14,0,0,0,0,0
2014/03/29,18,78,16,0,0,0,0,0
2014/03/29,19,78,15,0,0,0,0,0
2014/03/29,20,79,16,0,0,0,0,0
2014/03/29,21,82,19,0,0,0,0,0
2014/03/29,22,79,15,0,0,0,0,0
2014/03/29,23,69,12,0,0,0,0,0
2014/03/29,24,69,12,0,0,0,0,0
2014/03/30,01,22,1,0,0,0,0,0
2014/03/30,02,17,1,0,0,0,0,0
2014/03/30,03,15,1,0,0,0,0,0
2014/03/30,04,12,1,0,0,0,0,0
2014/03/30,05,11,1,0,0,0,0,0
2014/03/30,06,11,1,0,0,0,0,0
2014/03/30,07,11,1,0,0,0,0,0
2014/03/30,08,11,1,0,0,0,0,0
2014/03/30,09,38,12,0,0,0,0,0
2014/03/30,10,50,5,0,0,0,0,0
2014/03/30,11,54,6,0,0,0,0,0
2014/03/30,12,63,8,0,0,0,0,0
2014/03/30,13,64,8,0,0,0,0,0
2014/03/30,14,67,10,0,0,0,0,0
2014/03/30,15,69,13,0,0,0,0,0
2014/03/30,16,71,13,0,0,0,0,0
2014/03/30,17,79,15,0,0,0,0,0
2014/03/30,18,82,17,0,0,0,0,0
2014/03/30,19,82,16,0,0,0,0,0
2014/03/30,20,79,14,0,0,0,0,0
2014/03/30,21,79,15,0,0,0,0,0
2014/03/30,22,74,12,0,0,0,0,0
2014/03/30,23,64,10,0,0,0,0,0
2014/03/30,24,67,14,0,0,0,0,0
2014/03/31,01,61,10,0,0,0,0,0
2014/03/31,02,40,6,0,0,0,0,0
2014/03/31,03,10,1,0,0,0,0,0
2014/03/31,04,10,1,0,0,0,0,0
2014/03/31,05,10,1,0,0,0,0,0
2014/03/31,06,10,1,0,0,0,0,0
2014/03/31,07,27,1,0,0,0,0,0
2014/03/31,08,43,1,0,0,0,0,0
2014/03/31,09,57,14,0,0,0,0,0
2014/03/31,10,55,9,0,0,0,0,0
2014/03/31,11,59,7,0,0,0,0,0
2014/03/31,12,60,7,0,0,0,0,0
2014/03/31,13,64,8,0,0,0,0,0
2014/03/31,14,66,10,0,0,0,0,0
2014/03/31,15,68,11,0,0,0,0,0
2014/03/31,16,70,12,0,0,0,0,0
2014/03/31,17,74,12,0,0,0,0,0
2014/03/31,18,75,12,0,0,0,0,0
2014/03/31,19,75,12,0,0,0,0,0
2014/03/31,20,76,12,0,0,0,0,0
2014/03/31,21,75,12,0,0,0,0,0
2014/03/31,22,77,14,0,0,0,0,0
2014/03/31,23,69,13,0,0,0,0,0
2014/03/31,24,68,12,0,0,0,0,0
2014/04/01,01,22,1,0,0,0,0,0
2014/04/01,02,15,1,0,0,0,0,0
2014/04/01,03,12,1,0,0,0,0,0
2014/04/01,04,11,1,0,0,0,0,0
2014/04/01,05,11,1,0,0,0,0,0
2014/04/01,06,11,1,0,0,0,0,0
2014/04/01,07,11,1,0,0,0,0,0
2014/04/01,08,11,1,0,0,0,0,0
2014/04/01,09,53,16,0,0,0,0,0
2014/04/01,10,57,10,0,0,0,0,0
2014/04/01,11,55,6,0,0,0,0,0
2014/04/01,12,59,6,0,0,0,0,0
2014/04/01,13,64,9,0,0,0,0,0
2014/04/01,14,65,10,0,0,0,0,0
2014/04/01,15,68,12,0,0,0,0,0
2014/04/01,16,68,12,0,0,0,0,0
2014/04/01,17,69,11,0,0,0,0,0
2014/04/01,18,72,10,0,0,0,0,0
2014/04/01,19,71,9,0,0,0,0,0
2014/04/01,20,68,8,0,0,0,0,0
2014/04/01,21,67,7,0,0,0,0,0
2014/04/01,22,65,6,0,0,0,0,0
2014/04/01,23,61,8,0,0,0,0,0
2014/04/01,24,61,7,0,0,0,0,0
2014/04/02,01,22,1,0,0,0,0,0
2014/04/02,02,14,1,0,0,0,0,0
2014/04/02,03,11,1,0,0,0,0,0
2014/04/02,04,10,1,0,0,0,0,0
2014/04/02,05,10,1,0,0,0,0,0
2014/04/02,06,10,1,0,0,0,0,0
2014/04/02,07,10,1,0,0,0,0,0
2014/04/02,08,10,1,0,0,0,0,0
2014/04/02,09,44,14,0,0,0,0,0
2014/04/02,10,57,9,0,0,0,0,0
2014/04/02,11,53,4,0,0,0,0,0
2014/04/02,12,61,9,0,0,0,0,0
2014/04/02,13,65,10,0,0,0,0,0
2014/04/02,14,67,11,0,0,0,0,0
2014/04/02,15,67,12,0,0,0,0,0
2014/04/02,16,67,11,0,0,0,0,0
2014/04/02,17,72,10,0,0,0,0,0
2014/04/02,18,73,10,0,0,0,0,0
2014/04/02,19,71,11,0,0,0,0,0
2014/04/02,20,71,9,0,0,0,0,0
2014/04/02,21,70,9,0,0,0,0,0
2014/04/02,22,72,11,0,0,0,0,0
2014/04/02,23,67,12,0,0,0,0,0
2014/04/02,24,63,9,0,0,0,0,0
2014/04/03,01,23,2,0,0,0,0,0
2014/04/03,02,13,1,0,0,0,0,0
2014/04/03,03,11,1,0,0,0,0,0
2014/04/03,04,10,1,0,0,0,0,0
2014/04/03,05,11,1,0,0,0,0,0
2014/04/03,06,11,1,0,0,0,0,0
2014/04/03,07,11,1,0,0,0,0,0
2014/04/03,08,11,1,0,0,0,0,0
2014/04/03,09,39,13,0,0,0,0,0
2014/04/03,10,51,7,0,0,0,0,0
2014/04/03,11,52,5,0,0,0,0,0
2014/04/03,12,59,7,0,0,0,0,0
2014/04/03,13,63,8,0,0,0,0,0
2014/04/03,14,68,10,0,0,0,0,0
2014/04/03,15,66,9,0,0,0,0,0
2014/04/03,16,68,11,0,0,0,0,0
2014/04/03,17,76,12,0,0,0,0,0
2014/04/03,18,73,9,0,0,0,0,0
2014/04/03,19,73,10,0,0,0,0,0
2014/04/03,20,72,10,0,0,0,0,0
2014/04/03,21,71,10,0,0,0,0,0
2014/04/03,22,68,7,0,0,0,0,0
2014/04/03,23,59,6,0,0,0,0,0
2014/04/03,24,60,6,0,0,0,0,0
2014/04/04,01,28,1,0,0,0,0,0
2014/04/04,02,14,1,0,0,0,0,0
2014/04/04,03,11,1,0,0,0,0,0
2014/04/04,04,11,1,0,0,0,0,0
2014/04/04,05,11,1,0,0,0,0,0
2014/04/04,06,10,1,0,0,0,0,0
2014/04/04,07,11,1,0,0,0,0,0
2014/04/04,08,13,1,0,0,0,0,0
2014/04/04,09,38,11,0,0,0,0,0
2014/04/04,10,51,8,0,0,0,0,0
2014/04/04,11,53,6,0,0,0,0,0
2014/04/04,12,55,5,0,0,0,0,0
2014/04/04,13,63,9,0,0,0,0,0
2014/04/04,14,68,11,0,0,0,0,0
2014/04/04,15,70,13,0,0,0,0,0
2014/04/04,16,72,14,0,0,0,0,0
2014/04/04,17,75,15,0,0,0,0,0
2014/04/04,18,77,14,0,0,0,0,0
2014/04/04,19,75,12,0,0,0,0,0
2014/04/04,20,77,12,0,0,0,0,0
2014/04/04,21,77,14,0,0,0,0,0
2014/04/04,22,72,8,0,0,0,0,0
2014/04/04,23,65,9,0,0,0,0,0
2014/04/04,24,62,7,0,0,0,0,0
2014/04/05,01,21,1,0,0,0,0,0
2014/04/05,02,15,1,0,0,0,0,0
2014/04/05,03,15,1,0,0,0,0,0
2014/04/05,04,13,1,0,0,0,0,0
2014/04/05,05,11,1,0,0,0,0,0
2014/04/05,06,10,1,0,0,0,0,0
2014/04/05,07,10,1,0,0,0,0,0
2014/04/05,08,11,1,0,0,0,0,0
2014/04/05,09,47,17,0,0,0,0,0
2014/04/05,10,56,13,0,0,0,0,0
2014/04/05,11,64,12,0,0,0,0,0
2014/04/05,12,59,6,0,0,0,0,0
2014/04/05,13,60,5,0,0,0,0,0
2014/04/05,14,60,5,0,0,0,0,0
2014/04/05,15,61,6,0,0,0,0,0
2014/04/05,16,65,10,0,0,0,0,0
2014/04/05,17,72,13,0,0,0,0,0
2014/04/05,18,74,12,0,0,0,0,0
2014/04/05,19,75,14,0,0,0,0,0
2014/04/05,20,73,10,0,0,0,0,0
2014/04/05,21,70,8,0,0,0,0,0
2014/04/05,22,70,7,0,0,0,0,0
2014/04/05,23,65,10,0,0,0,0,0
2014/04/05,24,64,13,0,0,0,0,0
2014/04/06,01,25,2,0,0,0,0,0
2014/04/06,02,17,1,0,0,0,0,0
2014/04/06,03,15,1,0,0,0,0,0
2014/04/06,04,13,1,0,0,0,0,0
2014/04/06,05,12,1,0,0,0,0,0
2014/04/06,06,11,1,0,0,0,0,0
2014/04/06,07,11,1,0,0,0,0,0
2014/04/06,08,11,1,0,0,0,0,0
2014/04/06,09,42,14,0,0,0,0,0
2014/04/06,10,58,13,0,0,0,0,0
2014/04/06,11,58,9,0,0,0,0,0
2014/04/06,12,60,5,0,0,0,0,0
2014/04/06,13,61,6,0,0,0,0,0
2014/04/06,14,67,11,0,0,0,0,0
2014/04/06,15,68,6,0,0,0,0,0
2014/04/06,16,71,8,0,0,0,0,0
2014/04/06,17,79,16,0,0,0,0,0
2014/04/06,18,76,13,0,0,0,0,0
2014/04/06,19,80,17,0,0,0,0,0
2014/04/06,20,81,19,0,0,0,0,0
2014/04/06,21,78,17,0,0,0,0,0
2014/04/06,22,78,15,0,0,0,0,0
2014/04/06,23,71,17,0,0,0,0,0
2014/04/06,24,64,12,0,0,0,0,0
2014/04/07,01,19,1,0,0,0,0,0
2014/04/07,02,13,1,0,0,0,0,0
2014/04/07,03,11,1,0,0,0,0,0
2014/04/07,04,10,1,0,0,0,0,0
2014/04/07,05,10,1,0,0,0,0,0
2014/04/07,06,10,1,0,0,0,0,0
2014/04/07,07,10,1,0,0,0,0,0
2014/04/07,08,10,1,0,0,0,0,0
2014/04/07,09,48,17,0,0,0,0,0
2014/04/07,10,62,15,0,0,0,0,0
2014/04/07,11,57,9,0,0,0,0,0
2014/04/07,12,63,11,0,0,0,0,0
2014/04/07,13,72,16,0,0,0,0,0
2014/04/07,14,70,14,0,0,0,0,0
2014/04/07,15,71,14,0,0,0,0,0
2014/04/07,16,69,13,0,0,0,0,0
2014/04/07,17,74,14,0,0,0,0,0
2014/04/07,18,77,14,0,0,0,0,0
2014/04/07,19,76,14,0,0,0,0,0
2014/04/07,20,76,14,0,0,0,0,0
2014/04/07,21,74,12,0,0,0,0,0
2014/04/07,22,78,16,0,0,0,0,0
2014/04/07,23,71,16,0,0,0,0,0
2014/04/07,24,67,14,0,0,0,0,0
2014/04/08,01,23,3,0,0,0,0,0
2014/04/08,02,15,1,0,0,0,0,0
2014/04/08,03,12,1,0,0,0,0,0
2014/04/08,04,11,1,0,0,0,0,0
2014/04/08,05,11,1,0,0,0,0,0
2014/04/08,06,10,1,0,0,0,0,0
2014/04/08,07,11,1,0,0,0,0,0
2014/04/08,08,11,1,0,0,0,0,0
2014/04/08,09,61,18,0,0,0,0,0
2014/04/08,10,54,7,0,0,0,0,0
2014/04/08,11,58,9,0,0,0,0,0
2014/04/08,12,68,14,0,0,0,0,0
2014/04/08,13,72,15,0,0,0,0,0
2014/04/08,14,70,13,0,0,0,0,0
2014/04/08,15,67,11,0,0,0,0,0
2014/04/08,16,72,16,0,0,0,0,0
2014/04/08,17,74,17,0,0,0,0,0
2014/04/08,18,76,17,0,0,0,0,0
2014/04/08,19,75,14,0,0,0,0,0
2014/04/08,20,73,12,0,0,0,0,0
2014/04/08,21,74,13,0,0,0,0,0
2014/04/08,22,73,12,0,0,0,0,0
2014/04/08,23,64,10,0,0,0,0,0
2014/04/08,24,67,12,0,0,0,0,0
2014/04/09,01,26,3,0,0,0,0,0
2014/04/09,02,14,1,0,0,0,0,0
2014/04/09,03,11,1,0,0,0,0,0
2014/04/09,04,10,1,0,0,0,0,0
2014/04/09,05,10,1,0,0,0,0,0
2014/04/09,06,10,1,0,0,0,0,0
2014/04/09,07,10,1,0,0,0,0,0
2014/04/09,08,10,1,0,0,0,0,0
2014/04/09,09,52,16,0,0,0,0,0
2014/04/09,10,58,11,0,0,0,0,0
2014/04/09,11,52,5,0,0,0,0,0
2014/04/09,12,61,8,0,0,0,0,0
2014/04/09,13,65,11,0,0,0,0,0
2014/04/09,14,69,14,0,0,0,0,0
2014/04/09,15,70,16,0,0,0,0,0
2014/04/09,16,69,14,0,0,0,0,0
2014/04/09,17,69,13,0,0,0,0,0
2014/04/09,18,75,13,0,0,0,0,0
2014/04/09,19,74,12,0,0,0,0,0
2014/04/09,20,75,12,0,0,0,0,0
2014/04/09,21,73,11,0,0,0,0,0
2014/04/09,22,71,9,0,0,0,0,0
2014/04/09,23,62,8,0,0,0,0,0
2014/04/09,24,62,9,0,0,0,0,0
2014/04/10,01,47,6,0,0,0,0,0
2014/04/10,02,13,1,0,0,0,0,0
2014/04/10,03,11,1,0,0,0,0,0
2014/04/10,04,10,1,0,0,0,0,0
2014/04/10,05,10,1,0,0,0,0,0
2014/04/10,06,9,1,0,0,0,0,0
2014/04/10,07,10,1,0,0,0,0,0
2014/04/10,08,10,1,0,0,0,0,0
2014/04/10,09,43,15,0,0,0,0,0
2014/04/10,10,53,9,0,0,0,0,0
2014/04/10,11,54,7,0,0,0,0,0
2014/04/10,12,64,12,0,0,0,0,0
2014/04/10,13,65,12,0,0,0,0,0
2014/04/10,14,70,15,0,0,0,0,0
2014/04/10,15,71,17,0,0,0,0,0
2014/04/10,16,70,15,0,0,0,0,0
2014/04/10,17,75,16,0,0,0,0,0
2014/04/10,18,75,12,0,0,0,0,0
2014/04/10,19,73,11,0,0,0,0,0
2014/04/10,20,70,9,0,0,0,0,0
2014/04/10,21,68,7,0,0,0,0,0
2014/04/10,22,67,5,0,0,0,0,0
2014/04/10,23,63,5,0,0,0,0,0
2014/04/10,24,58,5,0,0,0,0,0
2014/04/11,01,17,1,0,0,0,0,0
2014/04/11,02,15,1,0,0,0,0,0
2014/04/11,03,12,1,0,0,0,0,0
2014/04/11,04,11,1,0,0,0,0,0
2014/04/11,05,11,1,0,0,0,0,0
2014/04/11,06,11,1,0,0,0,0,0
2014/04/11,07,11,1,0,0,0,0,0
2014/04/11,08,14,1,0,0,0,0,0
2014/04/11,09,37,11,0,0,0,0,0
2014/04/11,10,60,16,0,0,0,0,0
2014/04/11,11,59,11,0,0,0,0,0
2014/04/11,12,56,5,0,0,0,0,0
2014/04/11,13,63,9,0,0,0,0,0
2014/04/11,14,63,10,0,0,0,0,0
2014/04/11,15,63,9,0,0,0,0,0
2014/04/11,16,61,8,0,0,0,0,0
2014/04/11,17,64,9,0,0,0,0,0
2014/04/11,18,71,11,0,0,0,0,0
2014/04/11,19,67,7,0,0,0,0,0
2014/04/11,20,67,7,0,0,0,0,0
2014/04/11,21,69,7,0,0,0,0,0
2014/04/11,22,72,10,0,0,0,0,0
2014/04/11,23,62,8,0,0,0,0,0
2014/04/11,24,59,7,0,0,0,0,0
2014/04/12,01,21,1,0,0,0,0,0
2014/04/12,02,16,1,0,0,0,0,0
2014/04/12,03,15,1,0,0,0,0,0
2014/04/12,04,14,1,0,0,0,0,0
2014/04/12,05,12,1,0,0,0,0,0
2014/04/12,06,11,1,0,0,0,0,0
2014/04/12,07,11,1,0,0,0,0,0
2014/04/12,08,11,1,0,0,0,0,0
2014/04/12,09,45,14,0,0,0,0,0
2014/04/12,10,61,15,0,0,0,0,0
2014/04/12,11,61,9,0,0,0,0,0
2014/04/12,12,58,5,0,0,0,0,0
2014/04/12,13,61,8,0,0,0,0,0
2014/04/12,14,64,8,0,0,0,0,0
2014/04/12,15,66,10,0,0,0,0,0
2014/04/12,16,68,11,0,0,0,0,0
2014/04/12,17,70,12,0,0,0,0,0
2014/04/12,18,73,11,0,0,0,0,0
2014/04/12,19,74,13,0,0,0,0,0
2014/04/12,20,77,14,0,0,0,0,0
2014/04/12,21,77,14,0,0,0,0,0
2014/04/12,22,74,12,0,0,0,0,0
2014/04/12,23,67,13,0,0,0,0,0
2014/04/12,24,67,15,0,0,0,0,0
2014/04/13,01,24,2,0,0,0,0,0
2014/04/13,02,17,1,0,0,0,0,0
2014/04/13,03,15,1,0,0,0,0,0
2014/04/13,04,13,1,0,0,0,0,0
2014/04/13,05,11,1,0,0,0,0,0
2014/04/13,06,11,1,0,0,0,0,0
2014/04/13,07,11,1,0,0,0,0,0
2014/04/13,08,11,1,0,0,0,0,0
2014/04/13,09,34,1,0,0,0,0,0
2014/04/13,10,46,1,0,0,0,0,0
2014/04/13,11,49,1,0,0,0,0,0
2014/04/13,12,52,1,0,0,0,0,0
2014/04/13,13,53,1,0,0,0,0,0
2014/04/13,14,54,1,0,0,0,0,0
2014/04/13,15,75,21,0,0,0,0,0
2014/04/13,16,73,18,0,0,0,0,0
2014/04/13,17,72,15,0,0,0,0,0
2014/04/13,18,78,16,0,0,0,0,0
2014/04/13,19,77,15,0,0,0,0,0
2014/04/13,20,74,11,0,0,0,0,0
2014/04/13,21,74,11,0,0,0,0,0
2014/04/13,22,72,12,0,0,0,0,0
2014/04/13,23,68,12,0,0,0,0,0
2014/04/13,24,68,13,0,0,0,0,0
2014/04/14,01,41,7,0,0,0,0,0
2014/04/14,02,14,1,0,0,0,0,0
2014/04/14,03,13,1,0,0,0,0,0
2014/04/14,04,11,1,0,0,0,0,0
2014/04/14,05,11,1,0,0,0,0,0
2014/04/14,06,14,3,0,0,0,0,0
2014/04/14,07,41,14,0,0,0,0,0
2014/04/14,08,47,6,0,0,0,0,0
2014/04/14,09,46,4,0,0,0,0,0
2014/04/14,10,47,3,0,0,0,0,0
2014/04/14,11,54,6,0,0,0,0,0
2014/04/14,12,59,7,0,0,0,0,0
2014/04/14,13,61,7,0,0,0,0,0
2014/04/14,14,63,9,0,0,0,0,0
2014/04/14,15,63,9,0,0,0,0,0
2014/04/14,16,67,12,0,0,0,0,0
2014/04/14,17,71,13,0,0,0,0,0
2014/04/14,18,73,12,0,0,0,0,0
2014/04/14,19,76,13,0,0,0,0,0
2014/04/14,20,73,11,0,0,0,0,0
2014/04/14,21,73,11,0,0,0,0,0
2014/04/14,22,71,11,0,0,0,0,0
2014/04/14,23,63,8,0,0,0,0,0
2014/04/14,24,63,10,0,0,0,0,0
2014/04/15,01,19,1,0,0,0,0,0
2014/04/15,02,15,1,0,0,0,0,0
2014/04/15,03,12,1,0,0,0,0,0
2014/04/15,04,10,1,0,0,0,0,0
2014/04/15,05,11,1,0,0,0,0,0
2014/04/15,06,11,1,0,0,0,0,0
2014/04/15,07,11,1,0,0,0,0,0
2014/04/15,08,11,1,0,0,0,0,0
2014/04/15,09,52,15,0,0,0,0,0
2014/04/15,10,53,7,0,0,0,0,0
2014/04/15,11,52,3,0,0,0,0,0
2014/04/15,12,53,1,0,0,0,0,0
2014/04/15,13,76,20,0,0,0,0,0
2014/04/15,14,73,15,0,0,0,0,0
2014/04/15,15,76,19,0,0,0,0,0
2014/04/15,16,73,17,0,0,0,0,0
2014/04/15,17,72,15,0,0,0,0,0
2014/04/15,18,75,14,0,0,0,0,0
2014/04/15,19,78,16,0,0,0,0,0
2014/04/15,20,74,13,0,0,0,0,0
2014/04/15,21,74,13,0,0,0,0,0
2014/04/15,22,71,11,0,0,0,0,0
2014/04/15,23,66,12,0,0,0,0,0
2014/04/15,24,65,11,0,0,0,0,0
2014/04/16,01,19,1,0,0,0,0,0
2014/04/16,02,13,1,0,0,0,0,0
2014/04/16,03,11,1,0,0,0,0,0
2014/04/16,04,10,1,0,0,0,0,0
2014/04/16,05,10,1,0,0,0,0,0
2014/04/16,06,10,1,0,0,0,0,0
2014/04/16,07,11,1,0,0,0,0,0
2014/04/16,08,10,1,0,0,0,0,0
2014/04/16,09,52,18,0,0,0,0,0
2014/04/16,10,51,4,0,0,0,0,0
2014/04/16,11,58,9,0,0,0,0,0
2014/04/16,12,63,11,0,0,0,0,0
2014/04/16,13,69,14,0,0,0,0,0
2014/04/16,14,73,18,0,0,0,0,0
2014/04/16,15,73,19,0,0,0,0,0
2014/04/16,16,74,19,0,0,0,0,0
2014/04/16,17,75,18,0,0,0,0,0
2014/04/16,18,81,19,0,0,0,0,0
2014/04/16,19,78,16,0,0,0,0,0
2014/04/16,20,77,15,0,0,0,0,0
2014/04/16,21,79,17,0,0,0,0,0
2014/04/16,22,75,13,0,0,0,0,0
2014/04/16,23,70,15,0,0,0,0,0
2014/04/16,24,65,12,0,0,0,0,0
2014/04/17,01,19,1,0,0,0,0,0
2014/04/17,02,14,1,0,0,0,0,0
2014/04/17,03,11,1,0,0,0,0,0
2014/04/17,04,11,1,0,0,0,0,0
2014/04/17,05,11,1,0,0,0,0,0
2014/04/17,06,11,1,0,0,0,0,0
2014/04/17,07,11,1,0,0,0,0,0
2014/04/17,08,11,1,0,0,0,0,0
2014/04/17,09,41,14,0,0,0,0,0
2014/04/17,10,53,9,0,0,0,0,0
2014/04/17,11,56,8,0,0,0,0,0
2014/04/17,12,64,12,0,0,0,0,0
2014/04/17,13,67,13,0,0,0,0,0
2014/04/17,14,69,14,0,0,0,0,0
2014/04/17,15,73,18,0,0,0,0,0
2014/04/17,16,76,19,0,0,0,0,0
2014/04/17,17,78,18,0,0,0,0,0
2014/04/17,18,82,18,0,0,0,0,0
2014/04/17,19,81,18,0,0,0,0,0
2014/04/17,20,81,17,0,0,0,0,0
2014/04/17,21,79,17,0,0,0,0,0
2014/04/17,22,73,12,0,0,0,0,0
2014/04/17,23,71,16,0,0,0,0,0
2014/04/17,24,71,16,0,0,0,0,0
2014/04/18,01,31,4,0,0,0,0,0
2014/04/18,02,13,1,0,0,0,0,0
2014/04/18,03,11,1,0,0,0,0,0
2014/04/18,04,11,1,0,0,0,0,0
2014/04/18,05,11,1,0,0,0,0,0
2014/04/18,06,11,1,0,0,0,0,0
2014/04/18,07,11,1,0,0,0,0,0
2014/04/18,08,14,1,0,0,0,0,0
2014/04/18,09,37,10,0,0,0,0,0
2014/04/18,10,50,5,0,0,0,0,0
2014/04/18,11,51,3,0,0,0,0,0
2014/04/18,12,57,4,0,0,0,0,0
2014/04/18,13,63,7,0,0,0,0,0
2014/04/18,14,64,9,0,0,0,0,0
2014/04/18,15,64,9,0,0,0,0,0
2014/04/18,16,62,6,0,0,0,0,0
2014/04/18,17,67,9,0,0,0,0,0
2014/04/18,18,67,6,0,0,0,0,0
2014/04/18,19,68,7,0,0,0,0,0
2014/04/18,20,67,7,0,0,0,0,0
2014/04/18,21,70,8,0,0,0,0,0
2014/04/18,22,68,7,0,0,0,0,0
2014/04/18,23,60,7,0,0,0,0,0
2014/04/18,24,53,7,0,0,0,0,0
2014/04/19,01,24,1,0,0,0,0,0
2014/04/19,02,16,1,0,0,0,0,0
2014/04/19,03,16,1,0,0,0,0,0
2014/04/19,04,14,1,0,0,0,0,0
2014/04/19,05,12,1,0,0,0,0,0
2014/04/19,06,10,1,0,0,0,0,0
2014/04/19,07,10,1,0,0,0,0,0
2014/04/19,08,10,1,0,0,0,0,0
2014/04/19,09,45,14,0,0,0,0,0
2014/04/19,10,57,12,0,0,0,0,0
2014/04/19,11,56,5,0,0,0,0,0
2014/04/19,12,57,5,0,0,0,0,0
2014/04/19,13,60,6,0,0,0,0,0
2014/04/19,14,63,7,0,0,0,0,0
2014/04/19,15,68,12,0,0,0,0,0
2014/04/19,16,66,11,0,0,0,0,0
2014/04/19,17,69,10,0,0,0,0,0
2014/04/19,18,72,10,0,0,0,0,0
2014/04/19,19,71,9,0,0,0,0,0
2014/04/19,20,73,9,0,0,0,0,0
2014/04/19,21,70,7,0,0,0,0,0
2014/04/19,22,70,8,0,0,0,0,0
2014/04/19,23,63,8,0,0,0,0,0
2014/04/19,24,59,6,0,0,0,0,0
2014/04/20,01,41,4,0,0,0,0,0
2014/04/20,02,17,1,0,0,0,0,0
2014/04/20,03,15,1,0,0,0,0,0
2014/04/20,04,12,1,0,0,0,0,0
2014/04/20,05,11,1,0,0,0,0,0
2014/04/20,06,11,1,0,0,0,0,0
2014/04/20,07,10,1,0,0,0,0,0
2014/04/20,08,10,1,0,0,0,0,0
2014/04/20,09,39,13,0,0,0,0,0
2014/04/20,10,53,9,0,0,0,0,0
2014/04/20,11,57,8,0,0,0,0,0
2014/04/20,12,59,5,0,0,0,0,0
2014/04/20,13,61,6,0,0,0,0,0
2014/04/20,14,63,8,0,0,0,0,0
2014/04/20,15,64,9,0,0,0,0,0
2014/04/20,16,62,8,0,0,0,0,0
2014/04/20,17,66,8,0,0,0,0,0
2014/04/20,18,69,7,0,0,0,0,0
2014/04/20,19,68,7,0,0,0,0,0
2014/04/20,20,68,7,0,0,0,0,0
2014/04/20,21,69,7,0,0,0,0,0
2014/04/20,22,69,7,0,0,0,0,0
2014/04/20,23,61,6,0,0,0,0,0
2014/04/20,24,64,10,0,0,0,0,0
2014/04/21,01,44,5,0,0,0,0,0
2014/04/21,02,12,1,0,0,0,0,0
2014/04/21,03,10,1,0,0,0,0,0
2014/04/21,04,10,1,0,0,0,0,0
2014/04/21,05,10,1,0,0,0,0,0
2014/04/21,06,36,15,0,0,0,0,0
2014/04/21,07,41,12,0,0,0,0,0
2014/04/21,08,52,10,0,0,0,0,0
2014/04/21,09,51,8,0,0,0,0,0
2014/04/21,10,52,7,0,0,0,0,0
2014/04/21,11,53,5,0,0,0,0,0
2014/04/21,12,59,7,0,0,0,0,0
2014/04/21,13,60,7,0,0,0,0,0
2014/04/21,14,63,10,0,0,0,0,0
2014/04/21,15,64,9,0,0,0,0,0
2014/04/21,16,63,9,0,0,0,0,0
2014/04/21,17,69,10,0,0,0,0,0
2014/04/21,18,69,8,0,0,0,0,0
2014/04/21,19,70,9,0,0,0,0,0
2014/04/21,20,70,9,0,0,0,0,0
2014/04/21,21,69,9,0,0,0,0,0
2014/04/21,22,69,10,0,0,0,0,0
2014/04/21,23,62,8,0,0,0,0,0
2014/04/21,24,61,8,0,0,0,0,0
2014/04/22,01,21,2,0,0,0,0,0
2014/04/22,02,13,1,0,0,0,0,0
2014/04/22,03,12,1,0,0,0,0,0
2014/04/22,04,10,1,0,0,0,0,0
2014/04/22,05,10,1,0,0,0,0,0
2014/04/22,06,11,1,0,0,0,0,0
2014/04/22,07,11,1,0,0,0,0,0
2014/04/22,08,11,1,0,0,0,0,0
2014/04/22,09,52,13,0,0,0,0,0
2014/04/22,10,50,3,0,0,0,0,0
2014/04/22,11,55,7,0,0,0,0,0
2014/04/22,12,61,8,0,0,0,0,0
2014/04/22,13,64,9,0,0,0,0,0
2014/04/22,14,65,11,0,0,0,0,0
2014/04/22,15,66,12,0,0,0,0,0
2014/04/22,16,68,14,0,0,0,0,0
2014/04/22,17,71,10,0,0,0,0,0
2014/04/22,18,72,12,0,0,0,0,0
2014/04/22,19,74,15,0,0,0,0,0
2014/04/22,20,73,13,0,0,0,0,0
2014/04/22,21,73,13,0,0,0,0,0
2014/04/22,22,70,11,0,0,0,0,0
2014/04/22,23,66,11,0,0,0,0,0
2014/04/22,24,62,9,0,0,0,0,0
2014/04/23,01,18,1,0,0,0,0,0
2014/04/23,02,13,1,0,0,0,0,0
2014/04/23,03,11,1,0,0,0,0,0
2014/04/23,04,10,1,0,0,0,0,0
2014/04/23,05,10,1,0,0,0,0,0
2014/04/23,06,10,1,0,0,0,0,0
2014/04/23,07,10,1,0,0,0,0,0
2014/04/23,08,11,1,0,0,0,0,0
2014/04/23,09,52,14,0,0,0,0,0
2014/04/23,10,50,4,0,0,0,0,0
2014/04/23,11,56,7,0,0,0,0,0
2014/04/23,12,64,11,0,0,0,0,0
2014/04/23,13,68,13,0,0,0,0,0
2014/04/23,14,72,17,0,0,0,0,0
2014/04/23,15,71,17,0,0,0,0,0
2014/04/23,16,72,17,0,0,0,0,0
2014/04/23,17,74,17,0,0,0,0,0
2014/04/23,18,77,16,0,0,0,0,0
2014/04/23,19,76,15,0,0,0,0,0
2014/04/23,20,75,14,0,0,0,0,0
2014/04/23,21,77,16,0,0,0,0,0
2014/04/23,22,75,14,0,0,0,0,0
2014/04/23,23,68,13,0,0,0,0,0
2014/04/23,24,68,13,0,0,0,0,0
2014/04/24,01,42,1,0,0,0,0,0
2014/04/24,02,20,1,0,0,0,0,0
2014/04/24,03,12,1,0,0,0,0,0
2014/04/24,04,10,1,0,0,0,0,0
2014/04/24,05,10,1,0,0,0,0,0
2014/04/24,06,10,1,0,0,0,0,0
2014/04/24,07,10,1,0,0,0,0,0
2014/04/24,08,11,1,0,0,0,0,0
2014/04/24,09,41,14,0,0,0,0,0
2014/04/24,10,50,6,0,0,0,0,0
2014/04/24,11,55,8,0,0,0,0,0
2014/04/24,12,65,12,0,0,0,0,0
2014/04/24,13,69,15,0,0,0,0,0
2014/04/24,14,72,16,0,0,0,0,0
2014/04/24,15,72,17,0,0,0,0,0
2014/04/24,16,73,18,0,0,0,0,0
2014/04/24,17,76,17,0,0,0,0,0
2014/04/24,18,79,16,0,0,0,0,0
2014/04/24,19,80,15,0,0,0,0,0
2014/04/24,20,76,12,0,0,0,0,0
2014/04/24,21,73,11,0,0,0,0,0
2014/04/24,22,74,12,0,0,0,0,0
2014/04/24,23,67,12,0,0,0,0,0
2014/04/24,24,67,11,0,0,0,0,0
2014/04/25,01,23,1,0,0,0,0,0
2014/04/25,02,15,1,0,0,0,0,0
2014/04/25,03,11,1,0,0,0,0,0
2014/04/25,04,10,1,0,0,0,0,0
2014/04/25,05,10,1,0,0,0,0,0
2014/04/25,06,10,1,0,0,0,0,0
2014/04/25,07,10,1,0,0,0,0,0
2014/04/25,08,13,1,0,0,0,0,0
2014/04/25,09,38,11,0,0,0,0,0
2014/04/25,10,52,8,0,0,0,0,0
2014/04/25,11,57,9,0,0,0,0,0
2014/04/25,12,66,13,0,0,0,0,0
2014/04/25,13,70,15,0,0,0,0,0
2014/04/25,14,74,17,0,0,0,0,0
2014/04/25,15,73,16,0,0,0,0,0
2014/04/25,16,71,15,0,0,0,0,0
2014/04/25,17,73,17,0,0,0,0,0
2014/04/25,18,78,18,0,0,0,0,0
2014/04/25,19,76,15,0,0,0,0,0
2014/04/25,20,78,17,0,0,0,0,0
2014/04/25,21,77,14,0,0,0,0,0
2014/04/25,22,76,16,0,0,0,0,0
2014/04/25,23,63,8,0,0,0,0,0
2014/04/25,24,63,7,0,0,0,0,0
2014/04/26,01,57,12,0,0,0,0,0
2014/04/26,02,47,7,0,0,0,0,0
2014/04/26,03,52,11,0,0,0,0,0
2014/04/26,04,41,7,0,0,0,0,0
2014/04/26,05,36,5,0,0,0,0,0
2014/04/26,06,36,4,0,0,0,0,0
2014/04/26,07,27,4,0,0,0,0,0
2014/04/26,08,14,1,0,0,0,0,0
2014/04/26,09,42,5,0,0,0,0,0
2014/04/26,10,55,9,0,0,0,0,0
2014/04/26,11,63,14,0,0,0,0,0
2014/04/26,12,70,17,0,0,0,0,0
2014/04/26,13,71,16,0,0,0,0,0
2014/04/26,14,76,20,0,0,0,0,0
2014/04/26,15,75,19,0,0,0,0,0
2014/04/26,16,79,22,0,0,0,0,0
2014/04/26,17,79,20,0,0,0,0,0
2014/04/26,18,84,20,0,0,0,0,0
2014/04/26,19,81,18,0,0,0,0,0
2014/04/26,20,82,19,0,0,0,0,0
2014/04/26,21,79,16,0,0,0,0,0
2014/04/26,22,77,14,0,0,0,0,0
2014/04/26,23,69,12,0,0,0,0,0
2014/04/26,24,67,14,0,0,0,0,0
2014/04/27,01,21,1,0,0,0,0,0
2014/04/27,02,18,1,0,0,0,0,0
2014/04/27,03,17,1,0,0,0,0,0
2014/04/27,04,14,1,0,0,0,0,0
2014/04/27,05,12,1,0,0,0,0,0
2014/04/27,06,11,1,0,0,0,0,0
2014/04/27,07,11,1,0,0,0,0,0
2014/04/27,08,16,1,0,0,0,0,0
2014/04/27,09,53,10,0,0,0,0,0
2014/04/27,10,55,10,0,0,0,0,0
2014/04/27,11,60,12,0,0,0,0,0
2014/04/27,12,73,14,0,0,0,0,0
2014/04/27,13,75,16,0,0,0,0,0
2014/04/27,14,73,16,0,0,0,0,0
2014/04/27,15,74,17,0,0,0,0,0
2014/04/27,16,75,18,0,0,0,0,0
2014/04/27,17,77,18,0,0,0,0,0
2014/04/27,18,79,16,0,0,0,0,0
2014/04/27,19,81,18,0,0,0,0,0
2014/04/27,20,82,19,0,0,0,0,0
2014/04/27,21,79,17,0,0,0,0,0
2014/04/27,22,74,13,0,0,0,0,0
2014/04/27,23,69,13,0,0,0,0,0
2014/04/27,24,69,13,0,0,0,0,0
2014/04/28,01,23,2,0,0,0,0,0
2014/04/28,02,15,1,0,0,0,0,0
2014/04/28,03,11,1,0,0,0,0,0
2014/04/28,04,10,1,0,0,0,0,0
2014/04/28,05,10,1,0,0,0,0,0
2014/04/28,06,11,1,0,0,0,0,0
2014/04/28,07,51,19,0,0,0,0,0
2014/04/28,08,54,12,0,0,0,0,0
2014/04/28,09,55,11,0,0,0,0,0
2014/04/28,10,58,13,0,0,0,0,0
2014/04/28,11,62,14,0,0,0,0,0
2014/04/28,12,66,13,0,0,0,0,0
2014/04/28,13,69,14,0,0,0,0,0
2014/04/28,14,71,16,0,0,0,0,0
2014/04/28,15,72,16,0,0,0,0,0
2014/04/28,16,74,17,0,0,0,0,0
2014/04/28,17,75,15,0,0,0,0,0
2014/04/28,18,78,16,0,0,0,0,0
2014/04/28,19,76,14,0,0,0,0,0
2014/04/28,20,78,15,0,0,0,0,0
2014/04/28,21,74,12,0,0,0,0,0
2014/04/28,22,74,13,0,0,0,0,0
2014/04/28,23,69,13,0,0,0,0,0
2014/04/28,24,70,13,0,0,0,0,0
2014/04/29,01,69,13,0,0,0,0,0
2014/04/29,02,25,2,0,0,0,0,0
2014/04/29,03,16,1,0,0,0,0,0
2014/04/29,04,11,1,0,0,0,0,0
2014/04/29,05,11,1,0,0,0,0,0
2014/04/29,06,11,1,0,0,0,0,0
2014/04/29,07,11,1,0,0,0,0,0
2014/04/29,08,11,1,0,0,0,0,0
2014/04/29,09,47,13,0,0,0,0,0
2014/04/29,10,53,6,0,0,0,0,0
2014/04/29,11,65,11,0,0,0,0,0
2014/04/29,12,70,14,0,0,0,0,0
2014/04/29,13,72,16,0,0,0,0,0
2014/04/29,14,74,17,0,0,0,0,0
2014/04/29,15,74,17,0,0,0,0,0
2014/04/29,16,73,15,0,0,0,0,0
2014/04/29,17,77,17,0,0,0,0,0
2014/04/29,18,77,15,0,0,0,0,0
2014/04/29,19,77,15,0,0,0,0,0
2014/04/29,20,78,15,0,0,0,0,0
2014/04/29,21,74,12,0,0,0,0,0
2014/04/29,22,76,14,0,0,0,0,0
2014/04/29,23,70,13,0,0,0,0,0
2014/04/29,24,65,11,0,0,0,0,0
2014/04/30,01,19,1,0,0,0,0,0
2014/04/30,02,14,1,0,0,0,0,0
2014/04/30,03,12,1,0,0,0,0,0
2014/04/30,04,10,1,0,0,0,0,0
2014/04/30,05,10,1,0,0,0,0,0
2014/04/30,06,10,1,0,0,0,0,0
2014/04/30,07,10,1,0,0,0,0,0
2014/04/30,08,10,1,0,0,0,0,0
2014/04/30,09,47,11,0,0,0,0,0
2014/04/30,10,53,6,0,0,0,0,0
2014/04/30,11,58,8,0,0,0,0,0
2014/04/30,12,64,12,0,0,0,0,0
2014/04/30,13,70,14,0,0,0,0,0
2014/04/30,14,68,12,0,0,0,0,0
2014/04/30,15,68,13,0,0,0,0,0
2014/04/30,16,70,13,0,0,0,0,0
2014/04/30,17,77,14,0,0,0,0,0
2014/04/30,18,75,12,0,0,0,0,0
2014/04/30,19,74,14,0,0,0,0,0
2014/04/30,20,75,13,0,0,0,0,0
2014/04/30,21,76,14,0,0,0,0,0
2014/04/30,22,74,13,0,0,0,0,0
2014/04/30,23,67,12,0,0,0,0,0
2014/04/30,24,69,14,0,0,0,0,0
2014/05/01,01,21,1,0,0,0,0,0
2014/05/01,02,13,1,0,0,0,0,0
2014/05/01,03,11,1,0,0,0,0,0
2014/05/01,04,11,1,0,0,0,0,0
2014/05/01,05,11,1,0,0,0,0,0
2014/05/01,06,11,1,0,0,0,0,0
2014/05/01,07,10,1,0,0,0,0,0
2014/05/01,08,11,1,0,0,0,0,0
2014/05/01,09,47,14,0,0,0,0,0
2014/05/01,10,48,5,0,0,0,0,0
2014/05/01,11,62,14,0,0,0,0,0
2014/05/01,12,71,18,0,0,0,0,0
2014/05/01,13,78,21,0,0,0,0,0
2014/05/01,14,80,21,0,0,0,0,0
2014/05/01,15,82,21,0,0,0,0,0
2014/05/01,16,84,22,0,0,0,0,0
2014/05/01,17,90,22,0,0,0,0,0
2014/05/01,18,93,24,0,0,0,0,0
2014/05/01,19,90,23,0,0,0,0,0
2014/05/01,20,90,23,0,0,0,0,0
2014/05/01,21,87,22,0,0,0,0,0
2014/05/01,22,85,19,0,0,0,0,0
2014/05/01,23,74,14,0,0,0,0,0
2014/05/01,24,73,15,0,0,0,0,0
2014/05/02,01,34,5,0,0,0,0,0
2014/05/02,02,15,1,0,0,0,0,0
2014/05/02,03,12,1,0,0,0,0,0
2014/05/02,04,11,1,0,0,0,0,0
2014/05/02,05,10,1,0,0,0,0,0
2014/05/02,06,10,1,0,0,0,0,0
2014/05/02,07,11,1,0,0,0,0,0
2014/05/02,08,11,1,0,0,0,0,0
2014/05/02,09,35,5,0,0,0,0,0
2014/05/02,10,54,10,0,0,0,0,0
2014/05/02,11,66,17,0,0,0,0,0
2014/05/02,12,74,19,0,0,0,0,0
2014/05/02,13,75,18,0,0,0,0,0
2014/05/02,14,83,24,0,0,0,0,0
2014/05/02,15,84,25,0,0,0,0,0
2014/05/02,16,85,25,0,0,0,0,0
2014/05/02,17,85,24,0,0,0,0,0
2014/05/02,18,89,24,0,0,0,0,0
2014/05/02,19,86,21,0,0,0,0,0
2014/05/02,20,88,23,0,0,0,0,0
2014/05/02,21,87,23,0,0,0,0,0
2014/05/02,22,87,23,0,0,0,0,0
2014/05/02,23,74,17,0,0,0,0,0
2014/05/02,24,80,21,0,0,0,0,0
2014/05/03,01,30,2,0,0,0,0,0
2014/05/03,02,18,1,0,0,0,0,0
2014/05/03,03,18,1,0,0,0,0,0
2014/05/03,04,16,1,0,0,0,0,0
2014/05/03,05,11,1,0,0,0,0,0
2014/05/03,06,11,1,0,0,0,0,0
2014/05/03,07,10,1,0,0,0,0,0
2014/05/03,08,10,1,0,0,0,0,0
2014/05/03,09,42,9,0,0,0,0,0
2014/05/03,10,57,12,0,0,0,0,0
2014/05/03,11,75,20,0,0,0,0,0
2014/05/03,12,83,25,0,0,0,0,0
2014/05/03,13,84,24,0,0,0,0,0
2014/05/03,14,87,23,0,0,0,0,0
2014/05/03,15,87,24,0,0,0,0,0
2014/05/03,16,90,25,0,0,0,0,0
2014/05/03,17,86,25,0,0,0,0,0
2014/05/03,18,89,25,0,0,0,0,0
2014/05/03,19,86,21,0,0,0,0,0
2014/05/03,20,89,23,0,0,0,0,0
2014/05/03,21,85,21,0,0,0,0,0
2014/05/03,22,83,19,0,0,0,0,0
2014/05/03,23,77,19,0,0,0,0,0
2014/05/03,24,76,18,0,0,0,0,0
2014/05/04,01,25,2,0,0,0,0,0
2014/05/04,02,17,1,0,0,0,0,0
2014/05/04,03,17,1,0,0,0,0,0
2014/05/04,04,13,1,0,0,0,0,0
2014/05/04,05,12,1,0,0,0,0,0
2014/05/04,06,11,1,0,0,0,0,0
2014/05/04,07,11,1,0,0,0,0,0
2014/05/04,08,11,1,0,0,0,0,0
2014/05/04,09,45,9,0,0,0,0,0
2014/05/04,10,53,6,0,0,0,0,0
2014/05/04,11,63,13,0,0,0,0,0
2014/05/04,12,69,15,0,0,0,0,0
2014/05/04,13,70,16,0,0,0,0,0
2014/05/04,14,72,16,0,0,0,0,0
2014/05/04,15,75,20,0,0,0,0,0
2014/05/04,16,77,21,0,0,0,0,0
2014/05/04,17,78,21,0,0,0,0,0
2014/05/04,18,79,18,0,0,0,0,0
2014/05/04,19,78,16,0,0,0,0,0
2014/05/04,20,80,16,0,0,0,0,0
2014/05/04,21,80,16,0,0,0,0,0
2014/05/04,22,82,17,0,0,0,0,0
2014/05/04,23,72,15,0,0,0,0,0
2014/05/04,24,67,12,0,0,0,0,0
2014/05/05,01,22,1,0,0,0,0,0
2014/05/05,02,18,1,0,0,0,0,0
2014/05/05,03,14,1,0,0,0,0,0
2014/05/05,04,12,1,0,0,0,0,0
2014/05/05,05,11,1,0,0,0,0,0
2014/05/05,06,11,1,0,0,0,0,0
2014/05/05,07,11,1,0,0,0,0,0
2014/05/05,08,11,1,0,0,0,0,0
2014/05/05,09,34,1,0,0,0,0,0
2014/05/05,10,45,1,0,0,0,0,0
2014/05/05,11,70,19,0,0,0,0,0
2014/05/05,12,73,19,0,0,0,0,0
2014/05/05,13,76,22,0,0,0,0,0
2014/05/05,14,77,21,0,0,0,0,0
2014/05/05,15,81,22,0,0,0,0,0
2014/05/05,16,84,22,0,0,0,0,0
2014/05/05,17,85,20,0,0,0,0,0
2014/05/05,18,84,20,0,0,0,0,0
2014/05/05,19,80,17,0,0,0,0,0
2014/05/05,20,82,19,0,0,0,0,0
2014/05/05,21,81,18,0,0,0,0,0
2014/05/05,22,82,18,0,0,0,0,0
2014/05/05,23,77,18,0,0,0,0,0
2014/05/05,24,73,15,0,0,0,0,0
2014/05/06,01,24,2,0,0,0,0,0
2014/05/06,02,17,1,0,0,0,0,0
2014/05/06,03,13,1,0,0,0,0,0
2014/05/06,04,11,1,0,0,0,0,0
2014/05/06,05,11,1,0,0,0,0,0
2014/05/06,06,11,1,0,0,0,0,0
2014/05/06,07,11,1,0,0,0,0,0
2014/05/06,08,11,1,0,0,0,0,0
2014/05/06,09,48,14,0,0,0,0,0
2014/05/06,10,64,16,0,0,0,0,0
2014/05/06,11,69,16,0,0,0,0,0
2014/05/06,12,72,17,0,0,0,0,0
2014/05/06,13,74,19,0,0,0,0,0
2014/05/06,14,72,16,0,0,0,0,0
2014/05/06,15,69,14,0,0,0,0,0
2014/05/06,16,72,15,0,0,0,0,0
2014/05/06,17,80,16,0,0,0,0,0
2014/05/06,18,76,13,0,0,0,0,0
2014/05/06,19,72,12,0,0,0,0,0
2014/05/06,20,71,10,0,0,0,0,0
2014/05/06,21,68,8,0,0,0,0,0
2014/05/06,22,72,11,0,0,0,0,0
2014/05/06,23,61,7,0,0,0,0,0
2014/05/06,24,60,6,0,0,0,0,0
2014/05/07,01,17,1,0,0,0,0,0
2014/05/07,02,13,1,0,0,0,0,0
2014/05/07,03,12,1,0,0,0,0,0
2014/05/07,04,10,1,0,0,0,0,0
2014/05/07,05,10,1,0,0,0,0,0
2014/05/07,06,10,1,0,0,0,0,0
2014/05/07,07,10,1,0,0,0,0,0
2014/05/07,08,10,1,0,0,0,0,0
2014/05/07,09,37,4,0,0,0,0,0
2014/05/07,10,48,2,0,0,0,0,0
2014/05/07,11,53,5,0,0,0,0,0
2014/05/07,12,62,10,0,0,0,0,0
2014/05/07,13,68,13,0,0,0,0,0
2014/05/07,14,70,13,0,0,0,0,0
2014/05/07,15,67,14,0,0,0,0,0
2014/05/07,16,69,14,0,0,0,0,0
2014/05/07,17,72,15,0,0,0,0,0
2014/05/07,18,76,14,0,0,0,0,0
2014/05/07,19,74,12,0,0,0,0,0
2014/05/07,20,75,13,0,0,0,0,0
2014/05/07,21,74,12,0,0,0,0,0
2014/05/07,22,73,12,0,0,0,0,0
2014/05/07,23,67,11,0,0,0,0,0
2014/05/07,24,59,7,0,0,0,0,0
2014/05/08,01,17,1,0,0,0,0,0
2014/05/08,02,13,1,0,0,0,0,0
2014/05/08,03,11,1,0,0,0,0,0
2014/05/08,04,10,1,0,0,0,0,0
2014/05/08,05,10,1,0,0,0,0,0
2014/05/08,06,10,1,0,0,0,0,0
2014/05/08,07,10,1,0,0,0,0,0
2014/05/08,08,9,1,0,0,0,0,0
2014/05/08,09,37,4,0,0,0,0,0
2014/05/08,10,51,6,0,0,0,0,0
2014/05/08,11,57,10,0,0,0,0,0
2014/05/08,12,66,13,0,0,0,0,0
2014/05/08,13,67,13,0,0,0,0,0
2014/05/08,14,68,14,0,0,0,0,0
2014/05/08,15,69,15,0,0,0,0,0
2014/05/08,16,70,15,0,0,0,0,0
2014/05/08,17,72,14,0,0,0,0,0
2014/05/08,18,77,15,0,0,0,0,0
2014/05/08,19,76,14,0,0,0,0,0
2014/05/08,20,76,14,0,0,0,0,0
2014/05/08,21,75,13,0,0,0,0,0
2014/05/08,22,77,14,0,0,0,0,0
2014/05/08,23,67,12,0,0,0,0,0
2014/05/08,24,68,13,0,0,0,0,0
2014/05/09,01,21,1,0,0,0,0,0
2014/05/09,02,14,1,0,0,0,0,0
2014/05/09,03,11,1,0,0,0,0,0
2014/05/09,04,11,1,0,0,0,0,0
2014/05/09,05,11,1,0,0,0,0,0
2014/05/09,06,10,1,0,0,0,0,0
2014/05/09,07,10,1,0,0,0,0,0
2014/05/09,08,13,1,0,0,0,0,0
2014/05/09,09,32,4,0,0,0,0,0
2014/05/09,10,48,5,0,0,0,0,0
2014/05/09,11,60,12,0,0,0,0,0
2014/05/09,12,68,15,0,0,0,0,0
2014/05/09,13,73,17,0,0,0,0,0
2014/05/09,14,73,18,0,0,0,0,0
2014/05/09,15,71,16,0,0,0,0,0
2014/05/09,16,69,14,0,0,0,0,0
2014/05/09,17,68,12,0,0,0,0,0
2014/05/09,18,73,12,0,0,0,0,0
2014/05/09,19,74,12,0,0,0,0,0
2014/05/09,20,74,13,0,0,0,0,0
2014/05/09,21,73,11,0,0,0,0,0
2014/05/09,22,70,10,0,0,0,0,0
2014/05/09,23,64,9,0,0,0,0,0
2014/05/09,24,63,9,0,0,0,0,0
2014/05/10,01,20,1,0,0,0,0,0
2014/05/10,02,15,1,0,0,0,0,0
2014/05/10,03,13,1,0,0,0,0,0
2014/05/10,04,10,1,0,0,0,0,0
2014/05/10,05,10,1,0,0,0,0,0
2014/05/10,06,10,1,0,0,0,0,0
2014/05/10,07,10,1,0,0,0,0,0
2014/05/10,08,9,1,0,0,0,0,0
2014/05/10,09,38,4,0,0,0,0,0
2014/05/10,10,48,3,0,0,0,0,0
2014/05/10,11,60,8,0,0,0,0,0
2014/05/10,12,65,12,0,0,0,0,0
2014/05/10,13,68,14,0,0,0,0,0
2014/05/10,14,73,18,0,0,0,0,0
2014/05/10,15,76,19,0,0,0,0,0
2014/05/10,16,76,20,0,0,0,0,0
2014/05/10,17,76,19,0,0,0,0,0
2014/05/10,18,79,17,0,0,0,0,0
2014/05/10,19,77,16,0,0,0,0,0
2014/05/10,20,79,17,0,0,0,0,0
2014/05/10,21,80,16,0,0,0,0,0
2014/05/10,22,76,14,0,0,0,0,0
2014/05/10,23,69,14,0,0,0,0,0
2014/05/10,24,64,11,0,0,0,0,0
2014/05/11,01,21,1,0,0,0,0,0
2014/05/11,02,18,1,0,0,0,0,0
2014/05/11,03,15,1,0,0,0,0,0
2014/05/11,04,11,1,0,0,0,0,0
2014/05/11,05,11,1,0,0,0,0,0
2014/05/11,06,11,1,0,0,0,0,0
2014/05/11,07,10,1,0,0,0,0,0
2014/05/11,08,11,1,0,0,0,0,0
2014/05/11,09,38,4,0,0,0,0,0
2014/05/11,10,53,7,0,0,0,0,0
2014/05/11,11,61,11,0,0,0,0,0
2014/05/11,12,74,18,0,0,0,0,0
2014/05/11,13,76,20,0,0,0,0,0
2014/05/11,14,80,21,0,0,0,0,0
2014/05/11,15,84,23,0,0,0,0,0
2014/05/11,16,80,22,0,0,0,0,0
2014/05/11,17,78,20,0,0,0,0,0
2014/05/11,18,75,18,0,0,0,0,0
2014/05/11,19,77,17,0,0,0,0,0
2014/05/11,20,81,18,0,0,0,0,0
2014/05/11,21,77,15,0,0,0,0,0
2014/05/11,22,76,15,0,0,0,0,0
2014/05/11,23,67,13,0,0,0,0,0
2014/05/11,24,70,14,0,0,0,0,0
2014/05/12,01,21,2,0,0,0,0,0
2014/05/12,02,14,1,0,0,0,0,0
2014/05/12,03,11,1,0,0,0,0,0
2014/05/12,04,10,1,0,0,0,0,0
2014/05/12,05,10,1,0,0,0,0,0
2014/05/12,06,10,1,0,0,0,0,0
2014/05/12,07,12,2,0,0,0,0,0
2014/05/12,08,46,5,0,0,0,0,0
2014/05/12,09,52,9,0,0,0,0,0
2014/05/12,10,56,11,0,0,0,0,0
2014/05/12,11,60,13,0,0,0,0,0
2014/05/12,12,69,15,0,0,0,0,0
2014/05/12,13,71,15,0,0,0,0,0
2014/05/12,14,73,16,0,0,0,0,0
2014/05/12,15,72,16,0,0,0,0,0
2014/05/12,16,71,16,0,0,0,0,0
2014/05/12,17,74,15,0,0,0,0,0
2014/05/12,18,77,15,0,0,0,0,0
2014/05/12,19,75,15,0,0,0,0,0
2014/05/12,20,76,14,0,0,0,0,0
2014/05/12,21,76,15,0,0,0,0,0
2014/05/12,22,75,13,0,0,0,0,0
2014/05/12,23,68,12,0,0,0,0,0
2014/05/12,24,67,12,0,0,0,0,0
2014/05/13,01,22,2,0,0,0,0,0
2014/05/13,02,15,1,0,0,0,0,0
2014/05/13,03,11,1,0,0,0,0,0
2014/05/13,04,11,1,0,0,0,0,0
2014/05/13,05,11,1,0,0,0,0,0
2014/05/13,06,11,1,0,0,0,0,0
2014/05/13,07,11,1,0,0,0,0,0
2014/05/13,08,11,1,0,0,0,0,0
2014/05/13,09,43,5,0,0,0,0,0
2014/05/13,10,56,7,0,0,0,0,0
2014/05/13,11,58,9,0,0,0,0,0
2014/05/13,12,65,12,0,0,0,0,0
2014/05/13,13,70,14,0,0,0,0,0
2014/05/13,14,71,16,0,0,0,0,0
2014/05/13,15,74,17,0,0,0,0,0
2014/05/13,16,74,17,0,0,0,0,0
2014/05/13,17,78,18,0,0,0,0,0
2014/05/13,18,80,17,0,0,0,0,0
2014/05/13,19,81,18,0,0,0,0,0
2014/05/13,20,80,17,0,0,0,0,0
2014/05/13,21,80,16,0,0,0,0,0
2014/05/13,22,80,17,0,0,0,0,0
2014/05/13,23,70,14,0,0,0,0,0
2014/05/13,24,73,14,0,0,0,0,0
2014/05/14,01,22,1,0,0,0,0,0
2014/05/14,02,15,1,0,0,0,0,0
2014/05/14,03,12,1,0,0,0,0,0
2014/05/14,04,11,1,0,0,0,0,0
2014/05/14,05,11,1,0,0,0,0,0
2014/05/14,06,10,1,0,0,0,0,0
2014/05/14,07,10,1,0,0,0,0,0
2014/05/14,08,10,1,0,0,0,0,0
2014/05/14,09,43,5,0,0,0,0,0
2014/05/14,10,56,9,0,0,0,0,0
2014/05/14,11,62,14,0,0,0,0,0
2014/05/14,12,76,20,0,0,0,0,0
2014/05/14,13,85,26,0,0,0,0,0
2014/05/14,14,85,25,0,0,0,0,0
2014/05/14,15,84,26,0,0,0,0,0
2014/05/14,16,80,22,0,0,0,0,0
2014/05/14,17,83,20,0,0,0,0,0
2014/05/14,18,84,18,0,0,0,0,0
2014/05/14,19,79,16,0,0,0,0,0
2014/05/14,20,80,17,0,0,0,0,0
2014/05/14,21,80,17,0,0,0,0,0
2014/05/14,22,79,16,0,0,0,0,0
2014/05/14,23,73,15,0,0,0,0,0
2014/05/14,24,67,13,0,0,0,0,0
2014/05/15,01,21,1,0,0,0,0,0
2014/05/15,02,14,1,0,0,0,0,0
2014/05/15,03,12,1,0,0,0,0,0
2014/05/15,04,11,1,0,0,0,0,0
2014/05/15,05,11,1,0,0,0,0,0
2014/05/15,06,11,1,0,0,0,0,0
2014/05/15,07,11,1,0,0,0,0,0
2014/05/15,08,11,1,0,0,0,0,0
2014/05/15,09,39,5,0,0,0,0,0
2014/05/15,10,55,9,0,0,0,0,0
2014/05/15,11,58,9,0,0,0,0,0
2014/05/15,12,66,12,0,0,0,0,0
2014/05/15,13,68,13,0,0,0,0,0
2014/05/15,14,69,14,0,0,0,0,0
2014/05/15,15,72,16,0,0,0,0,0
2014/05/15,16,74,16,0,0,0,0,0
2014/05/15,17,77,17,0,0,0,0,0
2014/05/15,18,79,16,0,0,0,0,0
2014/05/15,19,80,17,0,0,0,0,0
2014/05/15,20,79,16,0,0,0,0,0
2014/05/15,21,79,16,0,0,0,0,0
2014/05/15,22,78,16,0,0,0,0,0
2014/05/15,23,68,13,0,0,0,0,0
2014/05/15,24,70,14,0,0,0,0,0
2014/05/16,01,18,1,0,0,0,0,0
2014/05/16,02,14,1,0,0,0,0,0
2014/05/16,03,12,1,0,0,0,0,0
2014/05/16,04,11,1,0,0,0,0,0
2014/05/16,05,11,1,0,0,0,0,0
2014/05/16,06,11,1,0,0,0,0,0
2014/05/16,07,10,1,0,0,0,0,0
2014/05/16,08,13,1,0,0,0,0,0
2014/05/16,09,30,4,0,0,0,0,0
2014/05/16,10,50,7,0,0,0,0,0
2014/05/16,11,61,14,0,0,0,0,0
2014/05/16,12,72,16,0,0,0,0,0
2014/05/16,13,76,19,0,0,0,0,0
2014/05/16,14,76,19,0,0,0,0,0
2014/05/16,15,80,21,0,0,0,0,0
2014/05/16,16,78,20,0,0,0,0,0
2014/05/16,17,78,19,0,0,0,0,0
2014/05/16,18,80,17,0,0,0,0,0
2014/05/16,19,79,17,0,0,0,0,0
2014/05/16,20,79,16,0,0,0,0,0
2014/05/16,21,80,16,0,0,0,0,0
2014/05/16,22,78,14,0,0,0,0,0
2014/05/16,23,71,13,0,0,0,0,0
2014/05/16,24,69,13,0,0,0,0,0
2014/05/17,01,20,1,0,0,0,0,0
2014/05/17,02,17,1,0,0,0,0,0
2014/05/17,03,16,1,0,0,0,0,0
2014/05/17,04,14,1,0,0,0,0,0
2014/05/17,05,12,1,0,0,0,0,0
2014/05/17,06,10,1,0,0,0,0,0
2014/05/17,07,10,1,0,0,0,0,0
2014/05/17,08,10,1,0,0,0,0,0
2014/05/17,09,39,5,0,0,0,0,0
2014/05/17,10,55,7,0,0,0,0,0
2014/05/17,11,66,12,0,0,0,0,0
2014/05/17,12,72,16,0,0,0,0,0
2014/05/17,13,74,18,0,0,0,0,0
2014/05/17,14,77,20,0,0,0,0,0
2014/05/17,15,78,21,0,0,0,0,0
2014/05/17,16,78,22,0,0,0,0,0
2014/05/17,17,84,21,0,0,0,0,0
2014/05/17,18,84,19,0,0,0,0,0
2014/05/17,19,84,18,0,0,0,0,0
2014/05/17,20,84,19,0,0,0,0,0
2014/05/17,21,84,17,0,0,0,0,0
2014/05/17,22,82,18,0,0,0,0,0
2014/05/17,23,73,14,0,0,0,0,0
2014/05/17,24,71,14,0,0,0,0,0
2014/05/18,01,23,1,0,0,0,0,0
2014/05/18,02,18,1,0,0,0,0,0
2014/05/18,03,15,1,0,0,0,0,0
2014/05/18,04,13,1,0,0,0,0,0
2014/05/18,05,11,1,0,0,0,0,0
2014/05/18,06,11,1,0,0,0,0,0
2014/05/18,07,11,1,0,0,0,0,0
2014/05/18,08,11,1,0,0,0,0,0
2014/05/18,09,41,6,0,0,0,0,0
2014/05/18,10,54,9,0,0,0,0,0
2014/05/18,11,64,13,0,0,0,0,0
2014/05/18,12,77,19,0,0,0,0,0
2014/05/18,13,80,21,0,0,0,0,0
2014/05/18,14,81,22,0,0,0,0,0
2014/05/18,15,81,22,0,0,0,0,0
2014/05/18,16,82,22,0,0,0,0,0
2014/05/18,17,84,22,0,0,0,0,0
2014/05/18,18,84,19,0,0,0,0,0
2014/05/18,19,81,17,0,0,0,0,0
2014/05/18,20,80,17,0,0,0,0,0
2014/05/18,21,79,16,0,0,0,0,0
2014/05/18,22,80,16,0,0,0,0,0
2014/05/18,23,72,15,0,0,0,0,0
2014/05/18,24,73,16,0,0,0,0,0
2014/05/19,01,69,14,0,0,0,0,0
2014/05/19,02,24,4,0,0,0,0,0
2014/05/19,03,11,1,0,0,0,0,0
2014/05/19,04,11,1,0,0,0,0,0
2014/05/19,05,10,1,0,0,0,0,0
2014/05/19,06,15,3,0,0,0,0,0
2014/05/19,07,47,5,0,0,0,0,0
2014/05/19,08,51,9,0,0,0,0,0
2014/05/19,09,54,11,0,0,0,0,0
2014/05/19,10,58,13,0,0,0,0,0
2014/05/19,11,62,14,0,0,0,0,0
2014/05/19,12,74,18,0,0,0,0,0
2014/05/19,13,76,18,0,0,0,0,0
2014/05/19,14,78,20,0,0,0,0,0
2014/05/19,15,81,22,0,0,0,0,0
2014/05/19,16,80,21,0,0,0,0,0
2014/05/19,17,86,20,0,0,0,0,0
2014/05/19,18,85,18,0,0,0,0,0
2014/05/19,19,82,16,0,0,0,0,0
2014/05/19,20,82,18,0,0,0,0,0
2014/05/19,21,83,18,0,0,0,0,0
2014/05/19,22,80,16,0,0,0,0,0
2014/05/19,23,73,16,0,0,0,0,0
2014/05/19,24,75,15,0,0,0,0,0
2014/05/20,01,25,3,0,0,0,0,0
2014/05/20,02,17,1,0,0,0,0,0
2014/05/20,03,15,1,0,0,0,0,0
2014/05/20,04,12,1,0,0,0,0,0
2014/05/20,05,12,1,0,0,0,0,0
2014/05/20,06,12,1,0,0,0,0,0
2014/05/20,07,11,1,0,0,0,0,0
2014/05/20,08,11,1,0,0,0,0,0
2014/05/20,09,39,6,0,0,0,0,0
2014/05/20,10,57,11,0,0,0,0,0
2014/05/20,11,64,14,0,0,0,0,0
2014/05/20,12,74,19,0,0,0,0,0
2014/05/20,13,76,20,0,0,0,0,0
2014/05/20,14,81,23,0,0,0,0,0
2014/05/20,15,78,22,0,0,0,0,0
2014/05/20,16,76,19,0,0,0,0,0
2014/05/20,17,80,20,0,0,0,0,0
2014/05/20,18,81,17,0,0,0,0,0
2014/05/20,19,83,19,0,0,0,0,0
2014/05/20,20,81,17,0,0,0,0,0
2014/05/20,21,83,18,0,0,0,0,0
2014/05/20,22,80,17,0,0,0,0,0
2014/05/20,23,71,16,0,0,0,0,0
2014/05/20,24,74,18,0,0,0,0,0
2014/05/21,01,22,2,0,0,0,0,0
2014/05/21,02,16,1,0,0,0,0,0
2014/05/21,03,15,1,0,0,0,0,0
2014/05/21,04,12,1,0,0,0,0,0
2014/05/21,05,12,1,0,0,0,0,0
2014/05/21,06,11,1,0,0,0,0,0
2014/05/21,07,11,1,0,0,0,0,0
2014/05/21,08,11,1,0,0,0,0,0
2014/05/21,09,34,4,0,0,0,0,0
2014/05/21,10,51,5,0,0,0,0,0
2014/05/21,11,57,9,0,0,0,0,0
2014/05/21,12,65,12,0,0,0,0,0
2014/05/21,13,68,13,0,0,0,0,0
2014/05/21,14,67,11,0,0,0,0,0
2014/05/21,15,64,9,0,0,0,0,0
2014/05/21,16,67,11,0,0,0,0,0
2014/05/21,17,67,12,0,0,0,0,0
2014/05/21,18,69,11,0,0,0,0,0
2014/05/21,19,73,13,0,0,0,0,0
2014/05/21,20,74,13,0,0,0,0,0
2014/05/21,21,74,13,0,0,0,0,0
2014/05/21,22,75,13,0,0,0,0,0
2014/05/21,23,65,10,0,0,0,0,0
2014/05/21,24,66,11,0,0,0,0,0
2014/05/22,01,38,5,0,0,0,0,0
2014/05/22,02,15,1,0,0,0,0,0
2014/05/22,03,14,1,0,0,0,0,0
2014/05/22,04,12,1,0,0,0,0,0
2014/05/22,05,10,1,0,0,0,0,0
2014/05/22,06,10,1,0,0,0,0,0
2014/05/22,07,10,1,0,0,0,0,0
2014/05/22,08,11,1,0,0,0,0,0
2014/05/22,09,29,4,0,0,0,0,0
2014/05/22,10,49,5,0,0,0,0,0
2014/05/22,11,57,10,0,0,0,0,0
2014/05/22,12,68,13,0,0,0,0,0
2014/05/22,13,70,15,0,0,0,0,0
2014/05/22,14,72,16,0,0,0,0,0
2014/05/22,15,73,16,0,0,0,0,0
2014/05/22,16,73,16,0,0,0,0,0
2014/05/22,17,75,16,0,0,0,0,0
2014/05/22,18,74,16,0,0,0,0,0
2014/05/22,19,74,14,0,0,0,0,0
2014/05/22,20,78,14,0,0,0,0,0
2014/05/22,21,77,12,0,0,0,0,0
2014/05/22,22,73,11,0,0,0,0,0
2014/05/22,23,66,10,0,0,0,0,0
2014/05/22,24,67,11,0,0,0,0,0
2014/05/23,01,22,2,0,0,0,0,0
2014/05/23,02,15,1,0,0,0,0,0
2014/05/23,03,13,1,0,0,0,0,0
2014/05/23,04,11,1,0,0,0,0,0
2014/05/23,05,11,1,0,0,0,0,0
2014/05/23,06,10,1,0,0,0,0,0
2014/05/23,07,10,1,0,0,0,0,0
2014/05/23,08,13,1,0,0,0,0,0
2014/05/23,09,33,4,0,0,0,0,0
2014/05/23,10,46,3,0,0,0,0,0
2014/05/23,11,55,9,0,0,0,0,0
2014/05/23,12,66,12,0,0,0,0,0
2014/05/23,13,68,14,0,0,0,0,0
2014/05/23,14,70,14,0,0,0,0,0
2014/05/23,15,73,16,0,0,0,0,0
2014/05/23,16,74,17,0,0,0,0,0
2014/05/23,17,74,17,0,0,0,0,0
2014/05/23,18,77,17,0,0,0,0,0
2014/05/23,19,79,17,0,0,0,0,0
2014/05/23,20,78,14,0,0,0,0,0
2014/05/23,21,82,16,0,0,0,0,0
2014/05/23,22,79,15,0,0,0,0,0
2014/05/23,23,71,14,0,0,0,0,0
2014/05/23,24,72,14,0,0,0,0,0
2014/05/24,01,50,8,0,0,0,0,0
2014/05/24,02,19,1,0,0,0,0,0
2014/05/24,03,16,1,0,0,0,0,0
2014/05/24,04,13,1,0,0,0,0,0
2014/05/24,05,11,1,0,0,0,0,0
2014/05/24,06,10,1,0,0,0,0,0
2014/05/24,07,10,1,0,0,0,0,0
2014/05/24,08,10,1,0,0,0,0,0
2014/05/24,09,36,5,0,0,0,0,0
2014/05/24,10,52,7,0,0,0,0,0
2014/05/24,11,66,11,0,0,0,0,0
2014/05/24,12,73,16,0,0,0,0,0
2014/05/24,13,75,18,0,0,0,0,0
2014/05/24,14,77,19,0,0,0,0,0
2014/05/24,15,83,21,0,0,0,0,0
2014/05/24,16,84,21,0,0,0,0,0
2014/05/24,17,84,21,0,0,0,0,0
2014/05/24,18,85,19,0,0,0,0,0
2014/05/24,19,84,19,0,0,0,0,0
2014/05/24,20,84,18,0,0,0,0,0
2014/05/24,21,85,19,0,0,0,0,0
2014/05/24,22,84,17,0,0,0,0,0
2014/05/24,23,75,17,0,0,0,0,0
2014/05/24,24,75,16,0,0,0,0,0
2014/05/25,01,24,1,0,0,0,0,0
2014/05/25,02,19,1,0,0,0,0,0
2014/05/25,03,16,1,0,0,0,0,0
2014/05/25,04,14,1,0,0,0,0,0
2014/05/25,05,12,1,0,0,0,0,0
2014/05/25,06,11,1,0,0,0,0,0
2014/05/25,07,11,1,0,0,0,0,0
2014/05/25,08,11,1,0,0,0,0,0
2014/05/25,09,39,5,0,0,0,0,0
2014/05/25,10,51,8,0,0,0,0,0
2014/05/25,11,60,14,0,0,0,0,0
2014/05/25,12,72,18,0,0,0,0,0
2014/05/25,13,79,20,0,0,0,0,0
2014/05/25,14,83,24,0,0,0,0,0
2014/05/25,15,84,24,0,0,0,0,0
2014/05/25,16,88,25,0,0,0,0,0
2014/05/25,17,85,23,0,0,0,0,0
2014/05/25,18,85,21,0,0,0,0,0
2014/05/25,19,87,21,0,0,0,0,0
2014/05/25,20,85,19,0,0,0,0,0
2014/05/25,21,84,19,0,0,0,0,0
2014/05/25,22,84,19,0,0,0,0,0
2014/05/25,23,74,16,0,0,0,0,0
2014/05/25,24,75,18,0,0,0,0,0
2014/05/26,01,47,9,0,0,0,0,0
2014/05/26,02,14,1,0,0,0,0,0
2014/05/26,03,11,1,0,0,0,0,0
2014/05/26,04,11,1,0,0,0,0,0
2014/05/26,05,11,1,0,0,0,0,0
2014/05/26,06,13,2,0,0,0,0,0
2014/05/26,07,30,7,0,0,0,0,0
2014/05/26,08,47,8,0,0,0,0,0
2014/05/26,09,52,10,0,0,0,0,0
2014/05/26,10,58,14,0,0,0,0,0
2014/05/26,11,62,15,0,0,0,0,0
2014/05/26,12,77,20,0,0,0,0,0
2014/05/26,13,79,20,0,0,0,0,0
2014/05/26,14,78,21,0,0,0,0,0
2014/05/26,15,76,19,0,0,0,0,0
2014/05/26,16,74,18,0,0,0,0,0
2014/05/26,17,79,18,0,0,0,0,0
2014/05/26,18,82,18,0,0,0,0,0
2014/05/26,19,82,18,0,0,0,0,0
2014/05/26,20,82,17,0,0,0,0,0
2014/05/26,21,82,18,0,0,0,0,0
2014/05/26,22,81,17,0,0,0,0,0
2014/05/26,23,72,15,0,0,0,0,0
2014/05/26,24,71,15,0,0,0,0,0
2014/05/27,01,23,3,0,0,0,0,0
2014/05/27,02,15,1,0,0,0,0,0
2014/05/27,03,12,1,0,0,0,0,0
2014/05/27,04,11,1,0,0,0,0,0
2014/05/27,05,11,1,0,0,0,0,0
2014/05/27,06,11,1,0,0,0,0,0
2014/05/27,07,11,1,0,0,0,0,0
2014/05/27,08,11,1,0,0,0,0,0
2014/05/27,09,43,5,0,0,0,0,0
2014/05/27,10,55,9,0,0,0,0,0
2014/05/27,11,61,12,0,0,0,0,0
2014/05/27,12,71,15,0,0,0,0,0
2014/05/27,13,76,18,0,0,0,0,0
2014/05/27,14,79,21,0,0,0,0,0
2014/05/27,15,81,23,0,0,0,0,0
2014/05/27,16,82,22,0,0,0,0,0
2014/05/27,17,84,21,0,0,0,0,0
2014/05/27,18,84,19,0,0,0,0,0
2014/05/27,19,83,19,0,0,0,0,0
2014/05/27,20,81,18,0,0,0,0,0
2014/05/27,21,83,19,0,0,0,0,0
2014/05/27,22,82,18,0,0,0,0,0
2014/05/27,23,75,17,0,0,0,0,0
2014/05/27,24,74,16,0,0,0,0,0
2014/05/28,01,25,1,0,0,0,0,0
2014/05/28,02,16,1,0,0,0,0,0
2014/05/28,03,11,1,0,0,0,0,0
2014/05/28,04,11,1,0,0,0,0,0
2014/05/28,05,11,1,0,0,0,0,0
2014/05/28,06,11,1,0,0,0,0,0
2014/05/28,07,10,1,0,0,0,0,0
2014/05/28,08,11,1,0,0,0,0,0
2014/05/28,09,39,6,0,0,0,0,0
2014/05/28,10,56,11,0,0,0,0,0
2014/05/28,11,64,15,0,0,0,0,0
2014/05/28,12,79,21,0,0,0,0,0
2014/05/28,13,83,24,0,0,0,0,0
2014/05/28,14,86,25,0,0,0,0,0
2014/05/28,15,87,26,0,0,0,0,0
2014/05/28,16,86,26,0,0,0,0,0
2014/05/28,17,86,24,0,0,0,0,0
2014/05/28,18,81,21,0,0,0,0,0
2014/05/28,19,84,21,0,0,0,0,0
2014/05/28,20,85,19,0,0,0,0,0
2014/05/28,21,87,21,0,0,0,0,0
2014/05/28,22,82,19,0,0,0,0,0
2014/05/28,23,77,18,0,0,0,0,0
2014/05/28,24,79,20,0,0,0,0,0
2014/05/29,01,23,1,0,0,0,0,0
2014/05/29,02,15,1,0,0,0,0,0
2014/05/29,03,13,1,0,0,0,0,0
2014/05/29,04,12,1,0,0,0,0,0
2014/05/29,05,11,1,0,0,0,0,0
2014/05/29,06,11,1,0,0,0,0,0
2014/05/29,07,11,1,0,0,0,0,0
2014/05/29,08,11,1,0,0,0,0,0
2014/05/29,09,32,5,0,0,0,0,0
2014/05/29,10,54,10,0,0,0,0,0
2014/05/29,11,68,19,0,0,0,0,0
2014/05/29,12,81,23,0,0,0,0,0
2014/05/29,13,84,25,0,0,0,0,0
2014/05/29,14,85,25,0,0,0,0,0
2014/05/29,15,86,26,0,0,0,0,0
2014/05/29,16,87,26,0,0,0,0,0
2014/05/29,17,88,25,0,0,0,0,0
2014/05/29,18,90,24,0,0,0,0,0
2014/05/29,19,86,21,0,0,0,0,0
2014/05/29,20,86,20,0,0,0,0,0
2014/05/29,21,87,20,0,0,0,0,0
2014/05/29,22,85,20,0,0,0,0,0
2014/05/29,23,75,18,0,0,0,0,0
2014/05/29,24,76,19,0,0,0,0,0
2014/05/30,01,25,1,0,0,0,0,0
2014/05/30,02,14,1,0,0,0,0,0
2014/05/30,03,12,1,0,0,0,0,0
2014/05/30,04,10,1,0,0,0,0,0
2014/05/30,05,10,1,0,0,0,0,0
2014/05/30,06,10,1,0,0,0,0,0
2014/05/30,07,11,1,0,0,0,0,0
2014/05/30,08,14,1,0,0,0,0,0
2014/05/30,09,34,6,0,0,0,0,0
2014/05/30,10,55,11,0,0,0,0,0
2014/05/30,11,71,21,0,0,0,0,0
2014/05/30,12,84,24,0,0,0,0,0
2014/05/30,13,87,27,0,0,0,0,0
2014/05/30,14,88,28,0,0,0,0,0
2014/05/30,15,91,30,0,0,0,0,0
2014/05/30,16,92,30,0,0,0,0,0
2014/05/30,17,90,28,0,0,0,0,0
2014/05/30,18,91,24,0,0,0,0,0
2014/05/30,19,87,22,0,0,0,0,0
2014/05/30,20,89,21,0,0,0,0,0
2014/05/30,21,88,21,0,0,0,0,0
2014/05/30,22,88,21,0,0,0,0,0
2014/05/30,23,81,21,0,0,0,0,0
2014/05/30,24,80,21,0,0,0,0,0
2014/05/31,01,28,3,0,0,0,0,0
2014/05/31,02,20,1,0,0,0,0,0
2014/05/31,03,19,1,0,0,0,0,0
2014/05/31,04,15,1,0,0,0,0,0
2014/05/31,05,11,1,0,0,0,0,0
2014/05/31,06,10,1,0,0,0,0,0
2014/05/31,07,10,1,0,0,0,0,0
2014/05/31,08,11,1,0,0,0,0,0
2014/05/31,09,38,9,0,0,0,0,0
2014/05/31,10,59,15,0,0,0,0,0
2014/05/31,11,80,23,0,0,0,0,0
2014/05/31,12,92,29,0,0,0,0,0
2014/05/31,13,96,32,0,0,0,0,0
2014/05/31,14,101,35,0,0,0,0,0
2014/05/31,15,101,35,0,0,0,0,0
2014/05/31,16,104,36,0,0,0,0,0
2014/05/31,17,102,34,0,0,0,0,0
2014/05/31,18,101,32,0,0,0,0,0
2014/05/31,19,96,28,0,0,0,0,0
2014/05/31,20,93,25,0,0,0,0,0
2014/05/31,21,92,23,0,0,0,0,0
2014/05/31,22,91,22,0,0,0,0,0
2014/05/31,23,84,21,0,0,0,0,0
2014/05/31,24,79,18,0,0,0,0,0
2014/06/01,01,25,1,0,0,0,0,0
2014/06/01,02,19,1,0,0,0,0,0
2014/06/01,03,16,1,0,0,0,0,0
2014/06/01,04,15,1,0,0,0,0,0
2014/06/01,05,12,1,0,0,0,0,0
2014/06/01,06,12,1,0,0,0,0,0
2014/06/01,07,11,1,0,0,0,0,0
2014/06/01,08,11,1,0,0,0,0,0
2014/06/01,09,36,8,0,0,0,0,0
2014/06/01,10,60,16,0,0,0,0,0
2014/06/01,11,75,25,0,0,0,0,0
2014/06/01,12,92,30,0,0,0,0,0
2014/06/01,13,96,34,0,0,0,0,0
2014/06/01,14,99,35,0,0,0,0,0
2014/06/01,15,103,38,0,0,0,0,0
2014/06/01,16,104,39,0,0,0,0,0
2014/06/01,17,108,38,0,0,0,0,0
2014/06/01,18,110,36,0,0,0,0,0
2014/06/01,19,102,33,0,0,0,0,0
2014/06/01,20,97,28,0,0,0,0,0
2014/06/01,21,92,24,0,0,0,0,0
2014/06/01,22,91,23,0,0,0,0,0
2014/06/01,23,83,21,0,0,0,0,0
2014/06/01,24,80,21,0,0,0,0,0
2014/06/02,01,46,9,0,0,0,0,0
2014/06/02,02,15,1,0,0,0,0,0
2014/06/02,03,12,1,0,0,0,0,0
2014/06/02,04,11,1,0,0,0,0,0
2014/06/02,05,11,1,0,0,0,0,0
2014/06/02,06,16,4,0,0,0,0,0
2014/06/02,07,55,13,0,0,0,0,0
2014/06/02,08,57,14,0,0,0,0,0
2014/06/02,09,65,20,0,0,0,0,0
2014/06/02,10,66,20,0,0,0,0,0
2014/06/02,11,76,25,0,0,0,0,0
2014/06/02,12,90,30,0,0,0,0,0
2014/06/02,13,98,32,0,0,0,0,0
2014/06/02,14,101,33,0,0,0,0,0
2014/06/02,15,105,38,0,0,0,0,0
2014/06/02,16,99,35,0,0,0,0,0
2014/06/02,17,102,32,0,0,0,0,0
2014/06/02,18,99,29,0,0,0,0,0
2014/06/02,19,94,25,0,0,0,0,0
2014/06/02,20,88,22,0,0,0,0,0
2014/06/02,21,88,21,0,0,0,0,0
2014/06/02,22,88,20,0,0,0,0,0
2014/06/02,23,79,19,0,0,0,0,0
2014/06/02,24,78,19,0,0,0,0,0
2014/06/03,01,21,1,0,0,0,0,0
2014/06/03,02,17,1,0,0,0,0,0
2014/06/03,03,14,1,0,0,0,0,0
2014/06/03,04,12,1,0,0,0,0,0
2014/06/03,05,12,1,0,0,0,0,0
2014/06/03,06,12,1,0,0,0,0,0
2014/06/03,07,12,1,0,0,0,0,0
2014/06/03,08,12,1,0,0,0,0,0
2014/06/03,09,39,8,0,0,0,0,0
2014/06/03,10,61,14,0,0,0,0,0
2014/06/03,11,69,19,0,0,0,0,0
2014/06/03,12,82,25,0,0,0,0,0
2014/06/03,13,91,28,0,0,0,0,0
2014/06/03,14,94,30,0,0,0,0,0
2014/06/03,15,97,33,0,0,0,0,0
2014/06/03,16,99,33,0,0,0,0,0
2014/06/03,17,100,33,0,0,0,0,0
2014/06/03,18,95,27,0,0,0,0,0
2014/06/03,19,94,27,0,0,0,0,0
2014/06/03,20,91,23,0,0,0,0,0
2014/06/03,21,90,24,0,0,0,0,0
2014/06/03,22,89,23,0,0,0,0,0
2014/06/03,23,78,20,0,0,0,0,0
2014/06/03,24,78,19,0,0,0,0,0
2014/06/04,01,23,1,0,0,0,0,0
2014/06/04,02,16,1,0,0,0,0,0
2014/06/04,03,12,1,0,0,0,0,0
2014/06/04,04,11,1,0,0,0,0,0
2014/06/04,05,11,1,0,0,0,0,0
2014/06/04,06,10,1,0,0,0,0,0
2014/06/04,07,10,1,0,0,0,0,0
2014/06/04,08,10,1,0,0,0,0,0
2014/06/04,09,41,9,0,0,0,0,0
2014/06/04,10,63,17,0,0,0,0,0
2014/06/04,11,71,22,0,0,0,0,0
2014/06/04,12,85,27,0,0,0,0,0
2014/06/04,13,88,29,0,0,0,0,0
2014/06/04,14,89,30,0,0,0,0,0
2014/06/04,15,93,33,0,0,0,0,0
2014/06/04,16,96,32,0,0,0,0,0
2014/06/04,17,97,30,0,0,0,0,0
2014/06/04,18,95,26,0,0,0,0,0
2014/06/04,19,90,23,0,0,0,0,0
2014/06/04,20,90,22,0,0,0,0,0
2014/06/04,21,90,22,0,0,0,0,0
2014/06/04,22,86,20,0,0,0,0,0
2014/06/04,23,79,20,0,0,0,0,0
2014/06/04,24,76,18,0,0,0,0,0
2014/06/05,01,20,1,0,0,0,0,0
2014/06/05,02,15,1,0,0,0,0,0
2014/06/05,03,13,1,0,0,0,0,0
2014/06/05,04,11,1,0,0,0,0,0
2014/06/05,05,11,1,0,0,0,0,0
2014/06/05,06,10,1,0,0,0,0,0
2014/06/05,07,11,1,0,0,0,0,0
2014/06/05,08,11,1,0,0,0,0,0
2014/06/05,09,32,6,0,0,0,0,0
2014/06/05,10,54,12,0,0,0,0,0
2014/06/05,11,63,15,0,0,0,0,0
2014/06/05,12,71,18,0,0,0,0,0
2014/06/05,13,73,17,0,0,0,0,0
2014/06/05,14,78,20,0,0,0,0,0
2014/06/05,15,78,21,0,0,0,0,0
2014/06/05,16,77,21,0,0,0,0,0
2014/06/05,17,80,19,0,0,0,0,0
2014/06/05,18,85,20,0,0,0,0,0
2014/06/05,19,83,19,0,0,0,0,0
2014/06/05,20,85,20,0,0,0,0,0
2014/06/05,21,84,19,0,0,0,0,0
2014/06/05,22,82,18,0,0,0,0,0
2014/06/05,23,78,16,0,0,0,0,0
2014/06/05,24,77,19,0,0,0,0,0
2014/06/06,01,28,4,0,0,0,0,0
2014/06/06,02,16,1,0,0,0,0,0
2014/06/06,03,15,1,0,0,0,0,0
2014/06/06,04,12,1,0,0,0,0,0
2014/06/06,05,11,1,0,0,0,0,0
2014/06/06,06,11,1,0,0,0,0,0
2014/06/06,07,11,1,0,0,0,0,0
2014/06/06,08,14,1,0,0,0,0,0
2014/06/06,09,33,4,0,0,0,0,0
2014/06/06,10,54,9,0,0,0,0,0
2014/06/06,11,60,11,0,0,0,0,0
2014/06/06,12,70,15,0,0,0,0,0
2014/06/06,13,73,15,0,0,0,0,0
2014/06/06,14,76,18,0,0,0,0,0
2014/06/06,15,75,17,0,0,0,0,0
2014/06/06,16,75,17,0,0,0,0,0
2014/06/06,17,76,17,0,0,0,0,0
2014/06/06,18,78,15,0,0,0,0,0
2014/06/06,19,79,16,0,0,0,0,0
2014/06/06,20,80,16,0,0,0,0,0
2014/06/06,21,78,15,0,0,0,0,0
2014/06/06,22,78,15,0,0,0,0,0
2014/06/06,23,71,15,0,0,0,0,0
2014/06/06,24,71,15,0,0,0,0,0
2014/06/07,01,19,1,0,0,0,0,0
2014/06/07,02,19,1,0,0,0,0,0
2014/06/07,03,18,1,0,0,0,0,0
2014/06/07,04,14,1,0,0,0,0,0
2014/06/07,05,12,1,0,0,0,0,0
2014/06/07,06,10,1,0,0,0,0,0
2014/06/07,07,11,1,0,0,0,0,0
2014/06/07,08,11,1,0,0,0,0,0
2014/06/07,09,31,4,0,0,0,0,0
2014/06/07,10,55,6,0,0,0,0,0
2014/06/07,11,63,10,0,0,0,0,0
2014/06/07,12,73,15,0,0,0,0,0
2014/06/07,13,71,15,0,0,0,0,0
2014/06/07,14,72,15,0,0,0,0,0
2014/06/07,15,75,16,0,0,0,0,0
2014/06/07,16,74,16,0,0,0,0,0
2014/06/07,17,76,16,0,0,0,0,0
2014/06/07,18,76,16,0,0,0,0,0
2014/06/07,19,79,15,0,0,0,0,0
2014/06/07,20,78,15,0,0,0,0,0
2014/06/07,21,79,15,0,0,0,0,0
2014/06/07,22,77,15,0,0,0,0,0
2014/06/07,23,69,12,0,0,0,0,0
2014/06/07,24,70,12,0,0,0,0,0
2014/06/08,01,23,1,0,0,0,0,0
2014/06/08,02,19,1,0,0,0,0,0
2014/06/08,03,16,1,0,0,0,0,0
2014/06/08,04,14,1,0,0,0,0,0
2014/06/08,05,12,1,0,0,0,0,0
2014/06/08,06,11,1,0,0,0,0,0
2014/06/08,07,11,1,0,0,0,0,0
2014/06/08,08,11,1,0,0,0,0,0
2014/06/08,09,36,4,0,0,0,0,0
2014/06/08,10,57,10,0,0,0,0,0
2014/06/08,11,61,13,0,0,0,0,0
2014/06/08,12,73,16,0,0,0,0,0
2014/06/08,13,76,18,0,0,0,0,0
2014/06/08,14,77,20,0,0,0,0,0
2014/06/08,15,81,21,0,0,0,0,0
2014/06/08,16,81,21,0,0,0,0,0
2014/06/08,17,84,22,0,0,0,0,0
2014/06/08,18,89,22,0,0,0,0,0
2014/06/08,19,87,20,0,0,0,0,0
2014/06/08,20,85,19,0,0,0,0,0
2014/06/08,21,83,17,0,0,0,0,0
2014/06/08,22,84,19,0,0,0,0,0
2014/06/08,23,76,18,0,0,0,0,0
2014/06/08,24,77,19,0,0,0,0,0
2014/06/09,01,22,2,0,0,0,0,0
2014/06/09,02,13,1,0,0,0,0,0
2014/06/09,03,11,1,0,0,0,0,0
2014/06/09,04,11,1,0,0,0,0,0
2014/06/09,05,11,1,0,0,0,0,0
2014/06/09,06,11,1,0,0,0,0,0
2014/06/09,07,10,1,0,0,0,0,0
2014/06/09,08,42,4,0,0,0,0,0
2014/06/09,09,51,10,0,0,0,0,0
2014/06/09,10,58,15,0,0,0,0,0
2014/06/09,11,69,21,0,0,0,0,0
2014/06/09,12,80,23,0,0,0,0,0
2014/06/09,13,82,22,0,0,0,0,0
2014/06/09,14,84,24,0,0,0,0,0
2014/06/09,15,85,24,0,0,0,0,0
2014/06/09,16,82,23,0,0,0,0,0
2014/06/09,17,87,23,0,0,0,0,0
2014/06/09,18,91,23,0,0,0,0,0
2014/06/09,19,89,22,0,0,0,0,0
2014/06/09,20,85,21,0,0,0,0,0
2014/06/09,21,86,22,0,0,0,0,0
2014/06/09,22,85,20,0,0,0,0,0
2014/06/09,23,78,19,0,0,0,0,0
2014/06/09,24,77,20,0,0,0,0,0
2014/06/10,01,24,2,0,0,0,0,0
2014/06/10,02,16,1,0,0,0,0,0
2014/06/10,03,12,1,0,0,0,0,0
2014/06/10,04,10,1,0,0,0,0,0
2014/06/10,05,11,1,0,0,0,0,0
2014/06/10,06,11,1,0,0,0,0,0
2014/06/10,07,11,1,0,0,0,0,0
2014/06/10,08,11,1,0,0,0,0,0
2014/06/10,09,32,5,0,0,0,0,0
2014/06/10,10,55,11,0,0,0,0,0
2014/06/10,11,67,18,0,0,0,0,0
2014/06/10,12,79,25,0,0,0,0,0
2014/06/10,13,88,28,0,0,0,0,0
2014/06/10,14,90,28,0,0,0,0,0
2014/06/10,15,92,29,0,0,0,0,0
2014/06/10,16,95,30,0,0,0,0,0
2014/06/10,17,97,29,0,0,0,0,0
2014/06/10,18,94,26,0,0,0,0,0
2014/06/10,19,92,25,0,0,0,0,0
2014/06/10,20,91,24,0,0,0,0,0
2014/06/10,21,86,21,0,0,0,0,0
2014/06/10,22,85,20,0,0,0,0,0
2014/06/10,23,78,21,0,0,0,0,0
2014/06/10,24,77,21,0,0,0,0,0
2014/06/11,01,37,7,0,0,0,0,0
2014/06/11,02,15,1,0,0,0,0,0
2014/06/11,03,13,1,0,0,0,0,0
2014/06/11,04,11,1,0,0,0,0,0
2014/06/11,05,11,1,0,0,0,0,0
2014/06/11,06,11,1,0,0,0,0,0
2014/06/11,07,11,1,0,0,0,0,0
2014/06/11,08,11,1,0,0,0,0,0
2014/06/11,09,32,5,0,0,0,0,0
2014/06/11,10,55,12,0,0,0,0,0
2014/06/11,11,65,17,0,0,0,0,0
2014/06/11,12,76,19,0,0,0,0,0
2014/06/11,13,78,20,0,0,0,0,0
2014/06/11,14,80,20,0,0,0,0,0
2014/06/11,15,82,21,0,0,0,0,0
2014/06/11,16,82,21,0,0,0,0,0
2014/06/11,17,84,20,0,0,0,0,0
2014/06/11,18,85,20,0,0,0,0,0
2014/06/11,19,85,21,0,0,0,0,0
2014/06/11,20,86,20,0,0,0,0,0
2014/06/11,21,87,22,0,0,0,0,0
2014/06/11,22,86,21,0,0,0,0,0
2014/06/11,23,78,20,0,0,0,0,0
2014/06/11,24,76,20,0,0,0,0,0
2014/06/12,01,30,5,0,0,0,0,0
2014/06/12,02,17,1,0,0,0,0,0
2014/06/12,03,12,1,0,0,0,0,0
2014/06/12,04,11,1,0,0,0,0,0
2014/06/12,05,12,1,0,0,0,0,0
2014/06/12,06,11,1,0,0,0,0,0
2014/06/12,07,11,1,0,0,0,0,0
2014/06/12,08,11,1,0,0,0,0,0
2014/06/12,09,30,5,0,0,0,0,0
2014/06/12,10,51,9,0,0,0,0,0
2014/06/12,11,62,15,0,0,0,0,0
2014/06/12,12,72,18,0,0,0,0,0
2014/06/12,13,76,19,0,0,0,0,0
2014/06/12,14,80,21,0,0,0,0,0
2014/06/12,15,78,20,0,0,0,0,0
2014/06/12,16,79,21,0,0,0,0,0
2014/06/12,17,85,22,0,0,0,0,0
2014/06/12,18,86,21,0,0,0,0,0
2014/06/12,19,85,21,0,0,0,0,0
2014/06/12,20,85,20,0,0,0,0,0
2014/06/12,21,86,21,0,0,0,0,0
2014/06/12,22,84,20,0,0,0,0,0
2014/06/12,23,78,20,0,0,0,0,0
2014/06/12,24,80,21,0,0,0,0,0
2014/06/13,01,30,4,0,0,0,0,0
2014/06/13,02,16,1,0,0,0,0,0
2014/06/13,03,13,1,0,0,0,0,0
2014/06/13,04,11,1,0,0,0,0,0
2014/06/13,05,11,1,0,0,0,0,0
2014/06/13,06,10,1,0,0,0,0,0
2014/06/13,07,11,1,0,0,0,0,0
2014/06/13,08,11,1,0,0,0,0,0
2014/06/13,09,31,5,0,0,0,0,0
2014/06/13,10,56,12,0,0,0,0,0
2014/06/13,11,72,23,0,0,0,0,0
2014/06/13,12,84,26,0,0,0,0,0
2014/06/13,13,92,30,0,0,0,0,0
2014/06/13,14,88,28,0,0,0,0,0
2014/06/13,15,91,31,0,0,0,0,0
2014/06/13,16,91,30,0,0,0,0,0
2014/06/13,17,96,31,0,0,0,0,0
2014/06/13,18,90,25,0,0,0,0,0
2014/06/13,19,89,24,0,0,0,0,0
2014/06/13,20,91,25,0,0,0,0,0
2014/06/13,21,93,25,0,0,0,0,0
2014/06/13,22,87,22,0,0,0,0,0
2014/06/13,23,79,21,0,0,0,0,0
2014/06/13,24,79,20,0,0,0,0,0
2014/06/14,01,61,17,0,0,0,0,0
2014/06/14,02,52,14,0,0,0,0,0
2014/06/14,03,46,10,0,0,0,0,0
2014/06/14,04,38,8,0,0,0,0,0
2014/06/14,05,30,4,0,0,0,0,0
2014/06/14,06,27,2,0,0,0,0,0
2014/06/14,07,30,3,0,0,0,0,0
2014/06/14,08,27,2,0,0,0,0,0
2014/06/14,09,43,8,0,0,0,0,0
2014/06/14,10,63,16,0,0,0,0,0
2014/06/14,11,78,21,0,0,0,0,0
2014/06/14,12,89,28,0,0,0,0,0
2014/06/14,13,95,30,0,0,0,0,0
2014/06/14,14,97,32,0,0,0,0,0
2014/06/14,15,97,32,0,0,0,0,0
2014/06/14,16,98,33,0,0,0,0,0
2014/06/14,17,102,34,0,0,0,0,0
2014/06/14,18,103,30,0,0,0,0,0
2014/06/14,19,94,26,0,0,0,0,0
2014/06/14,20,93,24,0,0,0,0,0
2014/06/14,21,92,23,0,0,0,0,0
2014/06/14,22,91,22,0,0,0,0,0
2014/06/14,23,82,20,0,0,0,0,0
2014/06/14,24,82,21,0,0,0,0,0
2014/06/15,01,29,3,0,0,0,0,0
2014/06/15,02,21,1,0,0,0,0,0
2014/06/15,03,19,1,0,0,0,0,0
2014/06/15,04,14,1,0,0,0,0,0
2014/06/15,05,11,1,0,0,0,0,0
2014/06/15,06,11,1,0,0,0,0,0
2014/06/15,07,11,1,0,0,0,0,0
2014/06/15,08,11,1,0,0,0,0,0
2014/06/15,09,20,4,0,0,0,0,0
2014/06/15,10,59,13,0,0,0,0,0
2014/06/15,11,71,23,0,0,0,0,0
2014/06/15,12,86,27,0,0,0,0,0
2014/06/15,13,88,29,0,0,0,0,0
2014/06/15,14,92,32,0,0,0,0,0
2014/06/15,15,95,33,0,0,0,0,0
2014/06/15,16,99,34,0,0,0,0,0
2014/06/15,17,99,34,0,0,0,0,0
2014/06/15,18,102,29,0,0,0,0,0
2014/06/15,19,96,27,0,0,0,0,0
2014/06/15,20,94,25,0,0,0,0,0
2014/06/15,21,92,23,0,0,0,0,0
2014/06/15,22,88,21,0,0,0,0,0
2014/06/15,23,79,20,0,0,0,0,0
2014/06/15,24,80,21,0,0,0,0,0
2014/06/16,01,76,19,0,0,0,0,0
2014/06/16,02,64,17,0,0,0,0,0
2014/06/16,03,11,1,0,0,0,0,0
2014/06/16,04,11,1,0,0,0,0,0
2014/06/16,05,11,1,0,0,0,0,0
2014/06/16,06,11,1,0,0,0,0,0
2014/06/16,07,11,1,0,0,0,0,0
2014/06/16,08,12,1,0,0,0,0,0
2014/06/16,09,45,11,0,0,0,0,0
2014/06/16,10,67,18,0,0,0,0,0
2014/06/16,11,75,23,0,0,0,0,0
2014/06/16,12,90,28,0,0,0,0,0
2014/06/16,13,95,31,0,0,0,0,0
2014/06/16,14,98,34,0,0,0,0,0
2014/06/16,15,96,32,0,0,0,0,0
2014/06/16,16,97,32,0,0,0,0,0
2014/06/16,17,99,32,0,0,0,0,0
2014/06/16,18,98,30,0,0,0,0,0
2014/06/16,19,94,27,0,0,0,0,0
2014/06/16,20,91,25,0,0,0,0,0
2014/06/16,21,89,23,0,0,0,0,0
2014/06/16,22,89,22,0,0,0,0,0
2014/06/16,23,81,21,0,0,0,0,0
2014/06/16,24,80,21,0,0,0,0,0
2014/06/17,01,40,8,0,0,0,0,0
2014/06/17,02,18,1,0,0,0,0,0
2014/06/17,03,12,1,0,0,0,0,0
2014/06/17,04,11,1,0,0,0,0,0
2014/06/17,05,11,1,0,0,0,0,0
2014/06/17,06,10,1,0,0,0,0,0
2014/06/17,07,12,1,0,0,0,0,0
2014/06/17,08,12,1,0,0,0,0,0
2014/06/17,09,42,10,0,0,0,0,0
2014/06/17,10,62,16,0,0,0,0,0
2014/06/17,11,76,22,0,0,0,0,0
2014/06/17,12,87,27,0,0,0,0,0
2014/06/17,13,89,30,0,0,0,0,0
2014/06/17,14,89,30,0,0,0,0,0
2014/06/17,15,90,31,0,0,0,0,0
2014/06/17,16,89,29,0,0,0,0,0
2014/06/17,17,89,26,0,0,0,0,0
2014/06/17,18,88,26,0,0,0,0,0
2014/06/17,19,90,24,0,0,0,0,0
2014/06/17,20,92,23,0,0,0,0,0
2014/06/17,21,92,24,0,0,0,0,0
2014/06/17,22,89,21,0,0,0,0,0
2014/06/17,23,82,22,0,0,0,0,0
2014/06/17,24,80,21,0,0,0,0,0
2014/06/18,01,21,1,0,0,0,0,0
2014/06/18,02,15,1,0,0,0,0,0
2014/06/18,03,12,1,0,0,0,0,0
2014/06/18,04,11,1,0,0,0,0,0
2014/06/18,05,12,1,0,0,0,0,0
2014/06/18,06,12,1,0,0,0,0,0
2014/06/18,07,14,1,0,0,0,0,0
2014/06/18,08,16,1,0,0,0,0,0
2014/06/18,09,35,6,0,0,0,0,0
2014/06/18,10,58,12,0,0,0,0,0
2014/06/18,11,68,17,0,0,0,0,0
2014/06/18,12,78,19,0,0,0,0,0
2014/06/18,13,81,21,0,0,0,0,0
2014/06/18,14,78,19,0,0,0,0,0
2014/06/18,15,82,21,0,0,0,0,0
2014/06/18,16,85,22,0,0,0,0,0
2014/06/18,17,87,23,0,0,0,0,0
2014/06/18,18,86,24,0,0,0,0,0
2014/06/18,19,86,21,0,0,0,0,0
2014/06/18,20,90,21,0,0,0,0,0
2014/06/18,21,88,21,0,0,0,0,0
2014/06/18,22,83,18,0,0,0,0,0
2014/06/18,23,78,18,0,0,0,0,0
2014/06/18,24,78,19,0,0,0,0,0
2014/06/19,01,21,1,0,0,0,0,0
2014/06/19,02,16,1,0,0,0,0,0
2014/06/19,03,15,1,0,0,0,0,0
2014/06/19,04,12,1,0,0,0,0,0
2014/06/19,05,11,1,0,0,0,0,0
2014/06/19,06,11,1,0,0,0,0,0
2014/06/19,07,13,1,0,0,0,0,0
2014/06/19,08,12,1,0,0,0,0,0
2014/06/19,09,36,7,0,0,0,0,0
2014/06/19,10,58,14,0,0,0,0,0
2014/06/19,11,73,24,0,0,0,0,0
2014/06/19,12,85,26,0,0,0,0,0
2014/06/19,13,90,29,0,0,0,0,0
2014/06/19,14,93,31,0,0,0,0,0
2014/06/19,15,94,32,0,0,0,0,0
2014/06/19,16,98,34,0,0,0,0,0
2014/06/19,17,96,31,0,0,0,0,0
2014/06/19,18,94,27,0,0,0,0,0
2014/06/19,19,91,25,0,0,0,0,0
2014/06/19,20,88,23,0,0,0,0,0
2014/06/19,21,88,22,0,0,0,0,0
2014/06/19,22,87,21,0,0,0,0,0
2014/06/19,23,79,21,0,0,0,0,0
2014/06/19,24,80,20,0,0,0,0,0
2014/06/20,01,25,3,0,0,0,0,0
2014/06/20,02,16,1,0,0,0,0,0
2014/06/20,03,13,1,0,0,0,0,0
2014/06/20,04,11,1,0,0,0,0,0
2014/06/20,05,11,1,0,0,0,0,0
2014/06/20,06,11,1,0,0,0,0,0
2014/06/20,07,12,1,0,0,0,0,0
2014/06/20,08,12,1,0,0,0,0,0
2014/06/20,09,27,7,0,0,0,0,0
2014/06/20,10,64,15,0,0,0,0,0
2014/06/20,11,71,20,0,0,0,0,0
2014/06/20,12,88,27,0,0,0,0,0
2014/06/20,13,89,27,0,0,0,0,0
2014/06/20,14,90,28,0,0,0,0,0
2014/06/20,15,91,29,0,0,0,0,0
2014/06/20,16,92,31,0,0,0,0,0
2014/06/20,17,90,27,0,0,0,0,0
2014/06/20,18,92,25,0,0,0,0,0
2014/06/20,19,93,24,0,0,0,0,0
2014/06/20,20,91,24,0,0,0,0,0
2014/06/20,21,90,22,0,0,0,0,0
2014/06/20,22,91,22,0,0,0,0,0
2014/06/20,23,83,21,0,0,0,0,0
2014/06/20,24,84,21,0,0,0,0,0
2014/06/21,01,61,12,0,0,0,0,0
2014/06/21,02,19,1,0,0,0,0,0
2014/06/21,03,16,1,0,0,0,0,0
2014/06/21,04,14,1,0,0,0,0,0
2014/06/21,05,12,1,0,0,0,0,0
2014/06/21,06,11,1,0,0,0,0,0
2014/06/21,07,12,1,0,0,0,0,0
2014/06/21,08,14,1,0,0,0,0,0
2014/06/21,09,37,9,0,0,0,0,0
2014/06/21,10,68,19,0,0,0,0,0
2014/06/21,11,84,25,0,0,0,0,0
2014/06/21,12,90,27,0,0,0,0,0
2014/06/21,13,91,30,0,0,0,0,0
2014/06/21,14,94,32,0,0,0,0,0
2014/06/21,15,95,33,0,0,0,0,0
2014/06/21,16,96,31,0,0,0,0,0
2014/06/21,17,100,32,0,0,0,0,0
2014/06/21,18,97,28,0,0,0,0,0
2014/06/21,19,96,26,0,0,0,0,0
2014/06/21,20,95,25,0,0,0,0,0
2014/06/21,21,94,25,0,0,0,0,0
2014/06/21,22,92,23,0,0,0,0,0
2014/06/21,23,84,22,0,0,0,0,0
2014/06/21,24,83,22,0,0,0,0,0
2014/06/22,01,31,4,0,0,0,0,0
2014/06/22,02,21,1,0,0,0,0,0
2014/06/22,03,19,1,0,0,0,0,0
2014/06/22,04,17,1,0,0,0,0,0
2014/06/22,05,12,1,0,0,0,0,0
2014/06/22,06,11,1,0,0,0,0,0
2014/06/22,07,13,1,0,0,0,0,0
2014/06/22,08,12,1,0,0,0,0,0
2014/06/22,09,31,7,0,0,0,0,0
2014/06/22,10,62,14,0,0,0,0,0
2014/06/22,11,68,21,0,0,0,0,0
2014/06/22,12,81,23,0,0,0,0,0
2014/06/22,13,83,24,0,0,0,0,0
2014/06/22,14,84,24,0,0,0,0,0
2014/06/22,15,85,25,0,0,0,0,0
2014/06/22,16,88,27,0,0,0,0,0
2014/06/22,17,89,26,0,0,0,0,0
2014/06/22,18,88,26,0,0,0,0,0
2014/06/22,19,88,24,0,0,0,0,0
2014/06/22,20,87,20,0,0,0,0,0
2014/06/22,21,88,22,0,0,0,0,0
2014/06/22,22,86,20,0,0,0,0,0
2014/06/22,23,80,20,0,0,0,0,0
2014/06/22,24,78,21,0,0,0,0,0
2014/06/23,01,26,2,0,0,0,0,0
2014/06/23,02,14,1,0,0,0,0,0
2014/06/23,03,11,1,0,0,0,0,0
2014/06/23,04,11,1,0,0,0,0,0
2014/06/23,05,11,1,0,0,0,0,0
2014/06/23,06,12,1,0,0,0,0,0
2014/06/23,07,12,1,0,0,0,0,0
2014/06/23,08,12,1,0,0,0,0,0
2014/06/23,09,33,7,0,0,0,0,0
2014/06/23,10,58,13,0,0,0,0,0
2014/06/23,11,74,23,0,0,0,0,0
2014/06/23,12,87,26,0,0,0,0,0
2014/06/23,13,90,28,0,0,0,0,0
2014/06/23,14,88,27,0,0,0,0,0
2014/06/23,15,89,27,0,0,0,0,0
2014/06/23,16,91,28,0,0,0,0,0
2014/06/23,17,92,29,0,0,0,0,0
2014/06/23,18,90,25,0,0,0,0,0
2014/06/23,19,90,25,0,0,0,0,0
2014/06/23,20,90,23,0,0,0,0,0
2014/06/23,21,88,22,0,0,0,0,0
2014/06/23,22,87,21,0,0,0,0,0
2014/06/23,23,83,20,0,0,0,0,0
2014/06/23,24,77,18,0,0,0,0,0
2014/06/24,01,24,1,0,0,0,0,0
2014/06/24,02,17,1,0,0,0,0,0
2014/06/24,03,12,1,0,0,0,0,0
2014/06/24,04,11,1,0,0,0,0,0
2014/06/24,05,10,1,0,0,0,0,0
2014/06/24,06,11,1,0,0,0,0,0
2014/06/24,07,12,1,0,0,0,0,0
2014/06/24,08,12,1,0,0,0,0,0
2014/06/24,09,36,7,0,0,0,0,0
2014/06/24,10,58,12,0,0,0,0,0
2014/06/24,11,66,16,0,0,0,0,0
2014/06/24,12,78,21,0,0,0,0,0
2014/06/24,13,84,24,0,0,0,0,0
2014/06/24,14,88,27,0,0,0,0,0
2014/06/24,15,86,25,0,0,0,0,0
2014/06/24,16,83,23,0,0,0,0,0
2014/06/24,17,81,20,0,0,0,0,0
2014/06/24,18,87,22,0,0,0,0,0
2014/06/24,19,87,21,0,0,0,0,0
2014/06/24,20,86,21,0,0,0,0,0
2014/06/24,21,86,22,0,0,0,0,0
2014/06/24,22,85,21,0,0,0,0,0
2014/06/24,23,78,20,0,0,0,0,0
2014/06/24,24,78,20,0,0,0,0,0
2014/06/25,01,25,4,0,0,0,0,0
2014/06/25,02,16,1,0,0,0,0,0
2014/06/25,03,14,1,0,0,0,0,0
2014/06/25,04,12,1,0,0,0,0,0
2014/06/25,05,11,1,0,0,0,0,0
2014/06/25,06,12,1,0,0,0,0,0
2014/06/25,07,12,1,0,0,0,0,0
2014/06/25,08,13,1,0,0,0,0,0
2014/06/25,09,37,6,0,0,0,0,0
2014/06/25,10,60,12,0,0,0,0,0
2014/06/25,11,69,18,0,0,0,0,0
2014/06/25,12,79,21,0,0,0,0,0
2014/06/25,13,78,19,0,0,0,0,0
2014/06/25,14,80,21,0,0,0,0,0
2014/06/25,15,81,22,0,0,0,0,0
2014/06/25,16,82,21,0,0,0,0,0
2014/06/25,17,81,20,0,0,0,0,0
2014/06/25,18,88,21,0,0,0,0,0
2014/06/25,19,86,20,0,0,0,0,0
2014/06/25,20,88,21,0,0,0,0,0
2014/06/25,21,86,19,0,0,0,0,0
2014/06/25,22,84,18,0,0,0,0,0
2014/06/25,23,77,19,0,0,0,0,0
2014/06/25,24,76,19,0,0,0,0,0
2014/06/26,01,24,1,0,0,0,0,0
2014/06/26,02,16,1,0,0,0,0,0
2014/06/26,03,13,1,0,0,0,0,0
2014/06/26,04,10,1,0,0,0,0,0
2014/06/26,05,10,1,0,0,0,0,0
2014/06/26,06,10,1,0,0,0,0,0
2014/06/26,07,12,1,0,0,0,0,0
2014/06/26,08,11,1,0,0,0,0,0
2014/06/26,09,34,6,0,0,0,0,0
2014/06/26,10,55,11,0,0,0,0,0
2014/06/26,11,67,18,0,0,0,0,0
2014/06/26,12,81,23,0,0,0,0,0
2014/06/26,13,87,27,0,0,0,0,0
2014/06/26,14,92,29,0,0,0,0,0
2014/06/26,15,94,32,0,0,0,0,0
2014/06/26,16,93,30,0,0,0,0,0
2014/06/26,17,95,30,0,0,0,0,0
2014/06/26,18,96,28,0,0,0,0,0
2014/06/26,19,91,25,0,0,0,0,0
2014/06/26,20,88,22,0,0,0,0,0
2014/06/26,21,89,23,0,0,0,0,0
2014/06/26,22,88,22,0,0,0,0,0
2014/06/26,23,81,21,0,0,0,0,0
2014/06/26,24,80,21,0,0,0,0,0
2014/06/27,01,31,4,0,0,0,0,0
2014/06/27,02,18,1,0,0,0,0,0
2014/06/27,03,13,1,0,0,0,0,0
2014/06/27,04,11,1,0,0,0,0,0
2014/06/27,05,11,1,0,0,0,0,0
2014/06/27,06,11,1,0,0,0,0,0
2014/06/27,07,13,1,0,0,0,0,0
2014/06/27,08,12,1,0,0,0,0,0
2014/06/27,09,37,8,0,0,0,0,0
2014/06/27,10,65,17,0,0,0,0,0
2014/06/27,11,73,21,0,0,0,0,0
2014/06/27,12,80,22,0,0,0,0,0
2014/06/27,13,82,23,0,0,0,0,0
2014/06/27,14,84,26,0,0,0,0,0
2014/06/27,15,85,26,0,0,0,0,0
2014/06/27,16,86,24,0,0,0,0,0
2014/06/27,17,92,29,0,0,0,0,0
2014/06/27,18,97,28,0,0,0,0,0
2014/06/27,19,94,27,0,0,0,0,0
2014/06/27,20,92,25,0,0,0,0,0
2014/06/27,21,92,25,0,0,0,0,0
2014/06/27,22,94,25,0,0,0,0,0
2014/06/27,23,86,24,0,0,0,0,0
2014/06/27,24,86,23,0,0,0,0,0
2014/06/28,01,55,12,0,0,0,0,0
2014/06/28,02,20,1,0,0,0,0,0
2014/06/28,03,17,1,0,0,0,0,0
2014/06/28,04,16,1,0,0,0,0,0
2014/06/28,05,13,1,0,0,0,0,0
2014/06/28,06,11,1,0,0,0,0,0
2014/06/28,07,14,1,0,0,0,0,0
2014/06/28,08,18,1,0,0,0,0,0
2014/06/28,09,36,6,0,0,0,0,0
2014/06/28,10,63,15,0,0,0,0,0
2014/06/28,11,70,19,0,0,0,0,0
2014/06/28,12,86,23,0,0,0,0,0
2014/06/28,13,82,22,0,0,0,0,0
2014/06/28,14,85,24,0,0,0,0,0
2014/06/28,15,87,27,0,0,0,0,0
2014/06/28,16,90,27,0,0,0,0,0
2014/06/28,17,92,26,0,0,0,0,0
2014/06/28,18,93,26,0,0,0,0,0
2014/06/28,19,91,25,0,0,0,0,0
2014/06/28,20,93,25,0,0,0,0,0
2014/06/28,21,92,24,0,0,0,0,0
2014/06/28,22,89,23,0,0,0,0,0
2014/06/28,23,83,22,0,0,0,0,0
2014/06/28,24,82,21,0,0,0,0,0
2014/06/29,01,26,2,0,0,0,0,0
2014/06/29,02,20,1,0,0,0,0,0
2014/06/29,03,18,1,0,0,0,0,0
2014/06/29,04,12,1,0,0,0,0,0
2014/06/29,05,11,1,0,0,0,0,0
2014/06/29,06,11,1,0,0,0,0,0
2014/06/29,07,13,1,0,0,0,0,0
2014/06/29,08,12,1,0,0,0,0,0
2014/06/29,09,38,8,0,0,0,0,0
2014/06/29,10,62,15,0,0,0,0,0
2014/06/29,11,75,19,0,0,0,0,0
2014/06/29,12,89,28,0,0,0,0,0
2014/06/29,13,88,28,0,0,0,0,0
2014/06/29,14,94,33,0,0,0,0,0
2014/06/29,15,98,35,0,0,0,0,0
2014/06/29,16,106,37,0,0,0,0,0
2014/06/29,17,94,29,0,0,0,0,0
2014/06/29,18,88,25,0,0,0,0,0
2014/06/29,19,90,24,0,0,0,0,0
2014/06/29,20,92,24,0,0,0,0,0
2014/06/29,21,89,23,0,0,0,0,0
2014/06/29,22,87,23,0,0,0,0,0
2014/06/29,23,79,20,0,0,0,0,0
2014/06/29,24,79,20,0,0,0,0,0
2014/06/30,01,35,7,0,0,0,0,0
2014/06/30,02,14,1,0,0,0,0,0
2014/06/30,03,11,1,0,0,0,0,0
2014/06/30,04,12,1,0,0,0,0,0
2014/06/30,05,12,1,0,0,0,0,0
2014/06/30,06,12,1,0,0,0,0,0
2014/06/30,07,14,1,0,0,0,0,0
2014/06/30,08,13,1,0,0,0,0,0
2014/06/30,09,40,8,0,0,0,0,0
2014/06/30,10,60,13,0,0,0,0,0
2014/06/30,11,68,18,0,0,0,0,0
2014/06/30,12,80,22,0,0,0,0,0
2014/06/30,13,87,28,0,0,0,0,0
2014/06/30,14,88,29,0,0,0,0,0
2014/06/30,15,92,31,0,0,0,0,0
2014/06/30,16,91,30,0,0,0,0,0
2014/06/30,17,93,30,0,0,0,0,0
2014/06/30,18,95,26,0,0,0,0,0
2014/06/30,19,92,27,0,0,0,0,0
2014/06/30,20,91,26,0,0,0,0,0
2014/06/30,21,89,24,0,0,0,0,0
2014/06/30,22,89,24,0,0,0,0,0
2014/06/30,23,81,22,0,0,0,0,0
2014/06/30,24,81,22,0,0,0,0,0
2014/07/01,01,26,3,0,0,0,0,0
2014/07/01,02,16,1,0,0,0,0,0
2014/07/01,03,12,1,0,0,0,0,0
2014/07/01,04,11,1,0,0,0,0,0
2014/07/01,05,11,1,0,0,0,0,0
2014/07/01,06,11,1,0,0,0,0,0
2014/07/01,07,13,1,0,0,0,0,0
2014/07/01,08,12,1,0,0,0,0,0
2014/07/01,09,37,7,0,0,0,0,0
2014/07/01,10,57,13,0,0,0,0,0
2014/07/01,11,74,24,0,0,0,0,0
2014/07/01,12,84,26,0,0,0,0,0
2014/07/01,13,92,31,0,0,0,0,0
2014/07/01,14,97,33,0,0,0,0,0
2014/07/01,15,99,35,0,0,0,0,0
2014/07/01,16,100,34,0,0,0,0,0
2014/07/01,17,102,34,0,0,0,0,0
2014/07/01,18,104,32,0,0,0,0,0
2014/07/01,19,98,31,0,0,0,0,0
2014/07/01,20,97,28,0,0,0,0,0
2014/07/01,21,93,27,0,0,0,0,0
2014/07/01,22,92,28,0,0,0,0,0
2014/07/01,23,81,22,0,0,0,0,0
2014/07/01,24,76,19,0,0,0,0,0
2014/07/02,01,21,1,0,0,0,0,0
2014/07/02,02,17,1,0,0,0,0,0
2014/07/02,03,13,1,0,0,0,0,0
2014/07/02,04,11,1,0,0,0,0,0
2014/07/02,05,11,1,0,0,0,0,0
2014/07/02,06,11,1,0,0,0,0,0
2014/07/02,07,13,1,0,0,0,0,0
2014/07/02,08,12,1,0,0,0,0,0
2014/07/02,09,33,7,0,0,0,0,0
2014/07/02,10,61,15,0,0,0,0,0
2014/07/02,11,79,27,0,0,0,0,0
2014/07/02,12,89,32,0,0,0,0,0
2014/07/02,13,96,33,0,0,0,0,0
2014/07/02,14,101,35,0,0,0,0,0
2014/07/02,15,103,37,0,0,0,0,0
2014/07/02,16,105,39,0,0,0,0,0
2014/07/02,17,106,37,0,0,0,0,0
2014/07/02,18,104,33,0,0,0,0,0
2014/07/02,19,101,32,0,0,0,0,0
2014/07/02,20,99,29,0,0,0,0,0
2014/07/02,21,96,26,0,0,0,0,0
2014/07/02,22,92,25,0,0,0,0,0
2014/07/02,23,87,25,0,0,0,0,0
2014/07/02,24,86,25,0,0,0,0,0
2014/07/03,01,28,4,0,0,0,0,0
2014/07/03,02,17,1,0,0,0,0,0
2014/07/03,03,14,1,0,0,0,0,0
2014/07/03,04,12,1,0,0,0,0,0
2014/07/03,05,12,1,0,0,0,0,0
2014/07/03,06,12,1,0,0,0,0,0
2014/07/03,07,13,1,0,0,0,0,0
2014/07/03,08,12,1,0,0,0,0,0
2014/07/03,09,34,8,0,0,0,0,0
2014/07/03,10,68,20,0,0,0,0,0
2014/07/03,11,79,28,0,0,0,0,0
2014/07/03,12,91,31,0,0,0,0,0
2014/07/03,13,96,32,0,0,0,0,0
2014/07/03,14,97,32,0,0,0,0,0
2014/07/03,15,95,32,0,0,0,0,0
2014/07/03,16,94,30,0,0,0,0,0
2014/07/03,17,94,29,0,0,0,0,0
2014/07/03,18,95,28,0,0,0,0,0
2014/07/03,19,92,25,0,0,0,0,0
2014/07/03,20,94,26,0,0,0,0,0
2014/07/03,21,89,24,0,0,0,0,0
2014/07/03,22,90,24,0,0,0,0,0
2014/07/03,23,83,22,0,0,0,0,0
2014/07/03,24,82,23,0,0,0,0,0
2014/07/04,01,24,1,0,0,0,0,0
2014/07/04,02,16,1,0,0,0,0,0
2014/07/04,03,14,1,0,0,0,0,0
2014/07/04,04,12,1,0,0,0,0,0
2014/07/04,05,12,1,0,0,0,0,0
2014/07/04,06,12,1,0,0,0,0,0
2014/07/04,07,14,1,0,0,0,0,0
2014/07/04,08,15,1,0,0,0,0,0
2014/07/04,09,37,7,0,0,0,0,0
2014/07/04,10,64,16,0,0,0,0,0
2014/07/04,11,68,18,0,0,0,0,0
2014/07/04,12,81,21,0,0,0,0,0
2014/07/04,13,82,22,0,0,0,0,0
2014/07/04,14,78,20,0,0,0,0,0
2014/07/04,15,82,24,0,0,0,0,0
2014/07/04,16,78,20,0,0,0,0,0
2014/07/04,17,86,21,0,0,0,0,0
2014/07/04,18,87,21,0,0,0,0,0
2014/07/04,19,85,20,0,0,0,0,0
2014/07/04,20,85,20,0,0,0,0,0
2014/07/04,21,85,20,0,0,0,0,0
2014/07/04,22,84,20,0,0,0,0,0
2014/07/04,23,78,19,0,0,0,0,0
2014/07/04,24,79,19,0,0,0,0,0
2014/07/05,01,33,4,0,0,0,0,0
2014/07/05,02,20,1,0,0,0,0,0
2014/07/05,03,15,1,0,0,0,0,0
2014/07/05,04,11,1,0,0,0,0,0
2014/07/05,05,10,1,0,0,0,0,0
2014/07/05,06,11,1,0,0,0,0,0
2014/07/05,07,13,1,0,0,0,0,0
2014/07/05,08,15,1,0,0,0,0,0
2014/07/05,09,33,5,0,0,0,0,0
2014/07/05,10,61,12,0,0,0,0,0
2014/07/05,11,72,15,0,0,0,0,0
2014/07/05,12,76,18,0,0,0,0,0
2014/07/05,13,79,20,0,0,0,0,0
2014/07/05,14,79,21,0,0,0,0,0
2014/07/05,15,83,25,0,0,0,0,0
2014/07/05,16,85,25,0,0,0,0,0
2014/07/05,17,89,25,0,0,0,0,0
2014/07/05,18,94,27,0,0,0,0,0
2014/07/05,19,92,24,0,0,0,0,0
2014/07/05,20,91,22,0,0,0,0,0
2014/07/05,21,90,22,0,0,0,0,0
2014/07/05,22,89,22,0,0,0,0,0
2014/07/05,23,81,20,0,0,0,0,0
2014/07/05,24,79,21,0,0,0,0,0
2014/07/06,01,27,3,0,0,0,0,0
2014/07/06,02,21,1,0,0,0,0,0
2014/07/06,03,18,1,0,0,0,0,0
2014/07/06,04,15,1,0,0,0,0,0
2014/07/06,05,12,1,0,0,0,0,0
2014/07/06,06,11,1,0,0,0,0,0
2014/07/06,07,13,1,0,0,0,0,0
2014/07/06,08,12,1,0,0,0,0,0
2014/07/06,09,26,5,0,0,0,0,0
2014/07/06,10,53,10,0,0,0,0,0
2014/07/06,11,75,20,0,0,0,0,0
2014/07/06,12,89,30,0,0,0,0,0
2014/07/06,13,92,34,0,0,0,0,0
2014/07/06,14,97,35,0,0,0,0,0
2014/07/06,15,97,37,0,0,0,0,0
2014/07/06,16,98,35,0,0,0,0,0
2014/07/06,17,95,31,0,0,0,0,0
2014/07/06,18,98,27,0,0,0,0,0
2014/07/06,19,94,27,0,0,0,0,0
2014/07/06,20,93,26,0,0,0,0,0
2014/07/06,21,90,24,0,0,0,0,0
2014/07/06,22,91,25,0,0,0,0,0
2014/07/06,23,80,21,0,0,0,0,0
2014/07/06,24,84,25,0,0,0,0,0
2014/07/07,01,79,22,0,0,0,0,0
2014/07/07,02,75,20,0,0,0,0,0
2014/07/07,03,18,2,0,0,0,0,0
2014/07/07,04,11,1,0,0,0,0,0
2014/07/07,05,12,1,0,0,0,0,0
2014/07/07,06,12,1,0,0,0,0,0
2014/07/07,07,14,1,0,0,0,0,0
2014/07/07,08,13,1,0,0,0,0,0
2014/07/07,09,35,6,0,0,0,0,0
2014/07/07,10,63,15,0,0,0,0,0
2014/07/07,11,68,18,0,0,0,0,0
2014/07/07,12,77,21,0,0,0,0,0
2014/07/07,13,89,25,0,0,0,0,0
2014/07/07,14,86,25,0,0,0,0,0
2014/07/07,15,86,24,0,0,0,0,0
2014/07/07,16,88,27,0,0,0,0,0
2014/07/07,17,92,26,0,0,0,0,0
2014/07/07,18,93,24,0,0,0,0,0
2014/07/07,19,94,26,0,0,0,0,0
2014/07/07,20,95,26,0,0,0,0,0
2014/07/07,21,91,25,0,0,0,0,0
2014/07/07,22,89,23,0,0,0,0,0
2014/07/07,23,83,23,0,0,0,0,0
2014/07/07,24,81,22,0,0,0,0,0
2014/07/08,01,26,2,0,0,0,0,0
2014/07/08,02,16,1,0,0,0,0,0
2014/07/08,03,12,1,0,0,0,0,0
2014/07/08,04,11,1,0,0,0,0,0
2014/07/08,05,11,1,0,0,0,0,0
2014/07/08,06,11,1,0,0,0,0,0
2014/07/08,07,13,1,0,0,0,0,0
2014/07/08,08,13,1,0,0,0,0,0
2014/07/08,09,40,9,0,0,0,0,0
2014/07/08,10,71,21,0,0,0,0,0
2014/07/08,11,83,30,0,0,0,0,0
2014/07/08,12,94,34,0,0,0,0,0
2014/07/08,13,99,35,0,0,0,0,0
2014/07/08,14,103,37,0,0,0,0,0
2014/07/08,15,104,39,0,0,0,0,0
2014/07/08,16,105,39,0,0,0,0,0
2014/07/08,17,108,39,0,0,0,0,0
2014/07/08,18,108,38,0,0,0,0,0
2014/07/08,19,106,35,0,0,0,0,0
2014/07/08,20,104,33,0,0,0,0,0
2014/07/08,21,100,30,0,0,0,0,0
2014/07/08,22,93,27,0,0,0,0,0
2014/07/08,23,88,27,0,0,0,0,0
2014/07/08,24,86,25,0,0,0,0,0
2014/07/09,01,25,2,0,0,0,0,0
2014/07/09,02,18,1,0,0,0,0,0
2014/07/09,03,17,1,0,0,0,0,0
2014/07/09,04,14,1,0,0,0,0,0
2014/07/09,05,12,1,0,0,0,0,0
2014/07/09,06,12,1,0,0,0,0,0
2014/07/09,07,15,1,0,0,0,0,0
2014/07/09,08,15,1,0,0,0,0,0
2014/07/09,09,44,10,0,0,0,0,0
2014/07/09,10,59,13,0,0,0,0,0
2014/07/09,11,78,26,0,0,0,0,0
2014/07/09,12,85,25,0,0,0,0,0
2014/07/09,13,88,27,0,0,0,0,0
2014/07/09,14,89,27,0,0,0,0,0
2014/07/09,15,86,28,0,0,0,0,0
2014/07/09,16,92,30,0,0,0,0,0
2014/07/09,17,94,28,0,0,0,0,0
2014/07/09,18,95,28,0,0,0,0,0
2014/07/09,19,94,28,0,0,0,0,0
2014/07/09,20,95,28,0,0,0,0,0
2014/07/09,21,93,26,0,0,0,0,0
2014/07/09,22,92,27,0,0,0,0,0
2014/07/09,23,85,25,0,0,0,0,0
2014/07/09,24,86,26,0,0,0,0,0
2014/07/10,01,25,5,0,0,0,0,0
2014/07/10,02,20,5,0,0,0,0,0
2014/07/10,03,16,5,0,0,0,0,0
2014/07/10,04,13,3,0,0,0,0,0
2014/07/10,05,13,3,0,0,0,0,0
2014/07/10,06,13,3,0,0,0,0,0
2014/07/10,07,15,2,0,0,0,0,0
2014/07/10,08,15,2,0,0,0,0,0
2014/07/10,09,28,6,0,0,0,0,0
2014/07/10,10,56,13,0,0,0,0,0
2014/07/10,11,78,28,0,0,0,0,0
2014/07/10,12,93,32,0,0,0,0,0
2014/07/10,13,97,34,0,0,0,0,0
2014/07/10,14,103,38,0,0,0,0,0
2014/07/10,15,103,38,0,0,0,0,0
2014/07/10,16,101,34,0,0,0,0,0
2014/07/10,17,103,34,0,0,0,0,0
2014/07/10,18,104,33,0,0,0,0,0
2014/07/10,19,99,31,0,0,0,0,0
2014/07/10,20,97,28,0,0,0,0,0
2014/07/10,21,96,30,0,0,0,0,0
2014/07/10,22,94,28,0,0,0,0,0
2014/07/10,23,87,27,0,0,0,0,0
2014/07/10,24,85,25,0,0,0,0,0
2014/07/11,01,31,3,0,0,0,0,0
2014/07/11,02,19,1,0,0,0,0,0
2014/07/11,03,14,1,0,0,0,0,0
2014/07/11,04,12,1,0,0,0,0,0
2014/07/11,05,13,1,0,0,0,0,0
2014/07/11,06,12,1,0,0,0,0,0
2014/07/11,07,15,1,0,0,0,0,0
2014/07/11,08,14,1,0,0,0,0,0
2014/07/11,09,30,6,0,0,0,0,0
2014/07/11,10,62,18,0,0,0,0,0
2014/07/11,11,86,32,0,0,0,0,0
2014/07/11,12,103,40,0,0,0,0,0
2014/07/11,13,106,41,0,0,0,0,0
2014/07/11,14,110,42,0,0,0,0,0
2014/07/11,15,109,43,0,0,0,0,0
2014/07/11,16,111,43,0,0,0,0,0
2014/07/11,17,110,40,0,0,0,0,0
2014/07/11,18,109,38,0,0,0,0,0
2014/07/11,19,107,39,0,0,0,0,0
2014/07/11,20,104,35,0,0,0,0,0
2014/07/11,21,102,35,0,0,0,0,0
2014/07/11,22,100,33,0,0,0,0,0
2014/07/11,23,93,32,0,0,0,0,0
2014/07/11,24,68,24,0,0,0,0,0
2014/07/12,01,59,16,0,0,0,0,0
2014/07/12,02,21,1,0,0,0,0,0
2014/07/12,03,18,1,0,0,0,0,0
2014/07/12,04,13,1,0,0,0,0,0
2014/07/12,05,13,1,0,0,0,0,0
2014/07/12,06,12,1,0,0,0,0,0
2014/07/12,07,14,1,0,0,0,0,0
2014/07/12,08,18,1,0,0,0,0,0
2014/07/12,09,36,10,0,0,0,0,0
2014/07/12,10,64,19,0,0,0,0,0
2014/07/12,11,95,33,0,0,0,0,0
2014/07/12,12,102,37,0,0,0,0,0
2014/07/12,13,106,40,0,0,0,0,0
2014/07/12,14,114,43,0,0,0,0,0
2014/07/12,15,116,45,0,0,0,0,0
2014/07/12,16,116,45,0,0,0,0,0
2014/07/12,17,118,44,0,0,0,0,0
2014/07/12,18,116,40,0,0,0,0,0
2014/07/12,19,108,37,0,0,0,0,0
2014/07/12,20,108,35,0,0,0,0,0
2014/07/12,21,106,33,0,0,0,0,0
2014/07/12,22,103,32,0,0,0,0,0
2014/07/12,23,92,28,0,0,0,0,0
2014/07/12,24,71,18,0,0,0,0,0
2014/07/13,01,29,1,0,0,0,0,0
2014/07/13,02,25,1,0,0,0,0,0
2014/07/13,03,20,1,0,0,0,0,0
2014/07/13,04,16,1,0,0,0,0,0
2014/07/13,05,12,1,0,0,0,0,0
2014/07/13,06,12,1,0,0,0,0,0
2014/07/13,07,15,1,0,0,0,0,0
2014/07/13,08,14,1,0,0,0,0,0
2014/07/13,09,19,1,0,0,0,0,0
2014/07/13,10,63,17,0,0,0,0,0
2014/07/13,11,76,25,0,0,0,0,0
2014/07/13,12,89,26,0,0,0,0,0
2014/07/13,13,93,29,0,0,0,0,0
2014/07/13,14,99,33,0,0,0,0,0
2014/07/13,15,98,34,0,0,0,0,0
2014/07/13,16,99,35,0,0,0,0,0
2014/07/13,17,97,32,0,0,0,0,0
2014/07/13,18,101,31,0,0,0,0,0
2014/07/13,19,104,34,0,0,0,0,0
2014/07/13,20,100,32,0,0,0,0,0
2014/07/13,21,101,33,0,0,0,0,0
2014/07/13,22,100,32,0,0,0,0,0
2014/07/13,23,87,28,0,0,0,0,0
2014/07/13,24,54,18,0,0,0,0,0
2014/07/14,01,22,1,0,0,0,0,0
2014/07/14,02,15,1,0,0,0,0,0
2014/07/14,03,11,1,0,0,0,0,0
2014/07/14,04,12,1,0,0,0,0,0
2014/07/14,05,12,1,0,0,0,0,0
2014/07/14,06,12,1,0,0,0,0,0
2014/07/14,07,14,1,0,0,0,0,0
2014/07/14,08,13,1,0,0,0,0,0
2014/07/14,09,34,10,0,0,0,0,0
2014/07/14,10,66,20,0,0,0,0,0
2014/07/14,11,84,32,0,0,0,0,0
2014/07/14,12,98,36,0,0,0,0,0
2014/07/14,13,107,41,0,0,0,0,0
2014/07/14,14,112,44,0,0,0,0,0
2014/07/14,15,111,45,0,0,0,0,0
2014/07/14,16,112,45,0,0,0,0,0
2014/07/14,17,117,44,0,0,0,0,0
2014/07/14,18,116,43,0,0,0,0,0
2014/07/14,19,107,37,0,0,0,0,0
2014/07/14,20,103,34,0,0,0,0,0
2014/07/14,21,98,31,0,0,0,0,0
2014/07/14,22,97,30,0,0,0,0,0
2014/07/14,23,85,26,0,0,0,0,0
2014/07/14,24,54,15,0,0,0,0,0
2014/07/15,01,26,1,0,0,0,0,0
2014/07/15,02,21,1,0,0,0,0,0
2014/07/15,03,15,1,0,0,0,0,0
2014/07/15,04,11,1,0,0,0,0,0
2014/07/15,05,11,1,0,0,0,0,0
2014/07/15,06,11,1,0,0,0,0,0
2014/07/15,07,14,1,0,0,0,0,0
2014/07/15,08,13,1,0,0,0,0,0
2014/07/15,09,34,10,0,0,0,0,0
2014/07/15,10,61,17,0,0,0,0,0
2014/07/15,11,83,32,0,0,0,0,0
2014/07/15,12,100,38,0,0,0,0,0
2014/07/15,13,107,40,0,0,0,0,0
2014/07/15,14,108,40,0,0,0,0,0
2014/07/15,15,108,42,0,0,0,0,0
2014/07/15,16,114,43,0,0,0,0,0
2014/07/15,17,114,42,0,0,0,0,0
2014/07/15,18,113,40,0,0,0,0,0
2014/07/15,19,109,38,0,0,0,0,0
2014/07/15,20,106,36,0,0,0,0,0
2014/07/15,21,103,34,0,0,0,0,0
2014/07/15,22,100,31,0,0,0,0,0
2014/07/15,23,91,29,0,0,0,0,0
2014/07/15,24,63,21,0,0,0,0,0
2014/07/16,01,23,1,0,0,0,0,0
2014/07/16,02,18,1,0,0,0,0,0
2014/07/16,03,15,1,0,0,0,0,0
2014/07/16,04,12,1,0,0,0,0,0
2014/07/16,05,12,1,0,0,0,0,0
2014/07/16,06,13,1,0,0,0,0,0
2014/07/16,07,15,1,0,0,0,0,0
2014/07/16,08,14,1,0,0,0,0,0
2014/07/16,09,36,10,0,0,0,0,0
2014/07/16,10,68,20,0,0,0,0,0
2014/07/16,11,86,33,0,0,0,0,0
2014/07/16,12,100,38,0,0,0,0,0
2014/07/16,13,108,41,0,0,0,0,0
2014/07/16,14,112,43,0,0,0,0,0
2014/07/16,15,110,44,0,0,0,0,0
2014/07/16,16,113,43,0,0,0,0,0
2014/07/16,17,112,43,0,0,0,0,0
2014/07/16,18,106,39,0,0,0,0,0
2014/07/16,19,108,37,0,0,0,0,0
2014/07/16,20,110,36,0,0,0,0,0
2014/07/16,21,108,34,0,0,0,0,0
2014/07/16,22,104,35,0,0,0,0,0
2014/07/16,23,95,33,0,0,0,0,0
2014/07/16,24,65,19,0,0,0,0,0
2014/07/17,01,28,3,0,0,0,0,0
2014/07/17,02,19,1,0,0,0,0,0
2014/07/17,03,15,1,0,0,0,0,0
2014/07/17,04,11,1,0,0,0,0,0
2014/07/17,05,11,1,0,0,0,0,0
2014/07/17,06,11,1,0,0,0,0,0
2014/07/17,07,14,1,0,0,0,0,0
2014/07/17,08,22,9,0,0,0,0,0
2014/07/17,09,39,10,0,0,0,0,0
2014/07/17,10,66,19,0,0,0,0,0
2014/07/17,11,77,26,0,0,0,0,0
2014/07/17,12,90,29,0,0,0,0,0
2014/07/17,13,103,37,0,0,0,0,0
2014/07/17,14,103,38,0,0,0,0,0
2014/07/17,15,103,37,0,0,0,0,0
2014/07/17,16,104,38,0,0,0,0,0
2014/07/17,17,108,38,0,0,0,0,0
2014/07/17,18,106,36,0,0,0,0,0
2014/07/17,19,100,34,0,0,0,0,0
2014/07/17,20,101,32,0,0,0,0,0
2014/07/17,21,98,31,0,0,0,0,0
2014/07/17,22,97,29,0,0,0,0,0
2014/07/17,23,91,26,0,0,0,0,0
2014/07/17,24,63,20,0,0,0,0,0
2014/07/18,01,24,2,0,0,0,0,0
2014/07/18,02,18,1,0,0,0,0,0
2014/07/18,03,16,1,0,0,0,0,0
2014/07/18,04,15,1,0,0,0,0,0
2014/07/18,05,13,1,0,0,0,0,0
2014/07/18,06,13,1,0,0,0,0,0
2014/07/18,07,16,1,0,0,0,0,0
2014/07/18,08,16,1,0,0,0,0,0
2014/07/18,09,33,7,0,0,0,0,0
2014/07/18,10,59,14,0,0,0,0,0
2014/07/18,11,74,22,0,0,0,0,0
2014/07/18,12,86,26,0,0,0,0,0
2014/07/18,13,89,28,0,0,0,0,0
2014/07/18,14,93,31,0,0,0,0,0
2014/07/18,15,92,31,0,0,0,0,0
2014/07/18,16,94,30,0,0,0,0,0
2014/07/18,17,96,31,0,0,0,0,0
2014/07/18,18,97,30,0,0,0,0,0
2014/07/18,19,95,28,0,0,0,0,0
2014/07/18,20,93,24,0,0,0,0,0
2014/07/18,21,93,26,0,0,0,0,0
2014/07/18,22,94,24,0,0,0,0,0
2014/07/18,23,84,23,0,0,0,0,0
2014/07/18,24,66,17,0,0,0,0,0
2014/07/19,01,28,3,0,0,0,0,0
2014/07/19,02,21,1,0,0,0,0,0
2014/07/19,03,18,1,0,0,0,0,0
2014/07/19,04,14,1,0,0,0,0,0
2014/07/19,05,12,1,0,0,0,0,0
2014/07/19,06,12,1,0,0,0,0,0
2014/07/19,07,14,1,0,0,0,0,0
2014/07/19,08,16,1,0,0,0,0,0
2014/07/19,09,32,6,0,0,0,0,0
2014/07/19,10,57,12,0,0,0,0,0
2014/07/19,11,81,22,0,0,0,0,0
2014/07/19,12,89,26,0,0,0,0,0
2014/07/19,13,92,29,0,0,0,0,0
2014/07/19,14,95,30,0,0,0,0,0
2014/07/19,15,96,31,0,0,0,0,0
2014/07/19,16,93,29,0,0,0,0,0
2014/07/19,17,97,30,0,0,0,0,0
2014/07/19,18,97,29,0,0,0,0,0
2014/07/19,19,92,26,0,0,0,0,0
2014/07/19,20,90,23,0,0,0,0,0
2014/07/19,21,92,24,0,0,0,0,0
2014/07/19,22,90,22,0,0,0,0,0
2014/07/19,23,83,20,0,0,0,0,0
2014/07/19,24,64,15,0,0,0,0,0
2014/07/20,01,26,2,0,0,0,0,0
2014/07/20,02,19,1,0,0,0,0,0
2014/07/20,03,17,1,0,0,0,0,0
2014/07/20,04,12,1,0,0,0,0,0
2014/07/20,05,11,1,0,0,0,0,0
2014/07/20,06,11,1,0,0,0,0,0
2014/07/20,07,13,1,0,0,0,0,0
2014/07/20,08,13,1,0,0,0,0,0
2014/07/20,09,21,4,0,0,0,0,0
2014/07/20,10,53,11,0,0,0,0,0
2014/07/20,11,74,24,0,0,0,0,0
2014/07/20,12,91,29,0,0,0,0,0
2014/07/20,13,95,33,0,0,0,0,0
2014/07/20,14,99,34,0,0,0,0,0
2014/07/20,15,100,35,0,0,0,0,0
2014/07/20,16,100,35,0,0,0,0,0
2014/07/20,17,96,33,0,0,0,0,0
2014/07/20,18,96,29,0,0,0,0,0
2014/07/20,19,93,27,0,0,0,0,0
2014/07/20,20,92,24,0,0,0,0,0
2014/07/20,21,93,25,0,0,0,0,0
2014/07/20,22,94,26,0,0,0,0,0
2014/07/20,23,82,22,0,0,0,0,0
2014/07/20,24,64,20,0,0,0,0,0
2014/07/21,01,26,3,0,0,0,0,0
2014/07/21,02,19,1,0,0,0,0,0
2014/07/21,03,16,1,0,0,0,0,0
2014/07/21,04,13,1,0,0,0,0,0
2014/07/21,05,12,1,0,0,0,0,0
2014/07/21,06,12,1,0,0,0,0,0
2014/07/21,07,14,1,0,0,0,0,0
2014/07/21,08,13,1,0,0,0,0,0
2014/07/21,09,28,6,0,0,0,0,0
2014/07/21,10,56,12,0,0,0,0,0
2014/07/21,11,82,24,0,0,0,0,0
2014/07/21,12,93,30,0,0,0,0,0
2014/07/21,13,95,32,0,0,0,0,0
2014/07/21,14,100,34,0,0,0,0,0
2014/07/21,15,100,36,0,0,0,0,0
2014/07/21,16,101,37,0,0,0,0,0
2014/07/21,17,103,35,0,0,0,0,0
2014/07/21,18,105,33,0,0,0,0,0
2014/07/21,19,100,30,0,0,0,0,0
2014/07/21,20,100,28,0,0,0,0,0
2014/07/21,21,96,26,0,0,0,0,0
2014/07/21,22,97,27,0,0,0,0,0
2014/07/21,23,86,24,0,0,0,0,0
2014/07/21,24,86,27,0,0,0,0,0
2014/07/22,01,87,27,0,0,0,0,0
2014/07/22,02,72,23,0,0,0,0,0
2014/07/22,03,13,1,0,0,0,0,0
2014/07/22,04,11,1,0,0,0,0,0
2014/07/22,05,11,1,0,0,0,0,0
2014/07/22,06,11,1,0,0,0,0,0
2014/07/22,07,13,1,0,0,0,0,0
2014/07/22,08,12,1,0,0,0,0,0
2014/07/22,09,40,13,0,0,0,0,0
2014/07/22,10,55,12,0,0,0,0,0
2014/07/22,11,80,29,0,0,0,0,0
2014/07/22,12,96,37,0,0,0,0,0
2014/07/22,13,104,38,0,0,0,0,0
2014/07/22,14,106,40,0,0,0,0,0
2014/07/22,15,105,41,0,0,0,0,0
2014/07/22,16,106,40,0,0,0,0,0
2014/07/22,17,107,40,0,0,0,0,0
2014/07/22,18,106,39,0,0,0,0,0
2014/07/22,19,107,37,0,0,0,0,0
2014/07/22,20,103,34,0,0,0,0,0
2014/07/22,21,102,33,0,0,0,0,0
2014/07/22,22,100,32,0,0,0,0,0
2014/07/22,23,91,30,0,0,0,0,0
2014/07/22,24,69,23,0,0,0,0,0
2014/07/23,01,29,4,0,0,0,0,0
2014/07/23,02,17,1,0,0,0,0,0
2014/07/23,03,13,1,0,0,0,0,0
2014/07/23,04,12,1,0,0,0,0,0
2014/07/23,05,12,1,0,0,0,0,0
2014/07/23,06,13,1,0,0,0,0,0
2014/07/23,07,15,1,0,0,0,0,0
2014/07/23,08,14,1,0,0,0,0,0
2014/07/23,09,35,9,0,0,0,0,0
2014/07/23,10,65,19,0,0,0,0,0
2014/07/23,11,83,31,0,0,0,0,0
2014/07/23,12,94,31,0,0,0,0,0
2014/07/23,13,104,39,0,0,0,0,0
2014/07/23,14,112,44,0,0,0,0,0
2014/07/23,15,110,44,0,0,0,0,0
2014/07/23,16,111,42,0,0,0,0,0
2014/07/23,17,112,41,0,0,0,0,0
2014/07/23,18,108,40,0,0,0,0,0
2014/07/23,19,104,37,0,0,0,0,0
2014/07/23,20,109,36,0,0,0,0,0
2014/07/23,21,107,35,0,0,0,0,0
2014/07/23,22,105,34,0,0,0,0,0
2014/07/23,23,94,30,0,0,0,0,0
2014/07/23,24,63,18,0,0,0,0,0
2014/07/24,01,21,1,0,0,0,0,0
2014/07/24,02,16,1,0,0,0,0,0
2014/07/24,03,12,1,0,0,0,0,0
2014/07/24,04,12,1,0,0,0,0,0
2014/07/24,05,12,1,0,0,0,0,0
2014/07/24,06,12,1,0,0,0,0,0
2014/07/24,07,15,1,0,0,0,0,0
2014/07/24,08,14,1,0,0,0,0,0
2014/07/24,09,37,11,0,0,0,0,0
2014/07/24,10,66,20,0,0,0,0,0
2014/07/24,11,85,31,0,0,0,0,0
2014/07/24,12,97,34,0,0,0,0,0
2014/07/24,13,111,44,0,0,0,0,0
2014/07/24,14,115,47,0,0,0,0,0
2014/07/24,15,114,48,0,0,0,0,0
2014/07/24,16,116,47,0,0,0,0,0
2014/07/24,17,116,46,0,0,0,0,0
2014/07/24,18,114,42,0,0,0,0,0
2014/07/24,19,107,39,0,0,0,0,0
2014/07/24,20,107,36,0,0,0,0,0
2014/07/24,21,105,33,0,0,0,0,0
2014/07/24,22,105,34,0,0,0,0,0
2014/07/24,23,93,32,0,0,0,0,0
2014/07/24,24,68,18,0,0,0,0,0
2014/07/25,01,26,3,0,0,0,0,0
2014/07/25,02,16,1,0,0,0,0,0
2014/07/25,03,13,1,0,0,0,0,0
2014/07/25,04,12,1,0,0,0,0,0
2014/07/25,05,12,1,0,0,0,0,0
2014/07/25,06,12,1,0,0,0,0,0
2014/07/25,07,14,1,0,0,0,0,0
2014/07/25,08,14,1,0,0,0,0,0
2014/07/25,09,37,12,0,0,0,0,0
2014/07/25,10,68,23,0,0,0,0,0
2014/07/25,11,91,37,0,0,0,0,0
2014/07/25,12,109,42,0,0,0,0,0
2014/07/25,13,112,46,0,0,0,0,0
2014/07/25,14,114,48,0,0,0,0,0
2014/07/25,15,116,49,0,0,0,0,0
2014/07/25,16,119,48,0,0,0,0,0
2014/07/25,17,120,47,0,0,0,0,0
2014/07/25,18,119,42,0,0,0,0,0
2014/07/25,19,120,43,0,0,0,0,0
2014/07/25,20,118,41,0,0,0,0,0
2014/07/25,21,115,40,0,0,0,0,0
2014/07/25,22,113,40,0,0,0,0,0
2014/07/25,23,102,37,0,0,0,0,0
2014/07/25,24,78,27,0,0,0,0,0
2014/07/26,01,67,26,0,0,0,0,0
2014/07/26,02,23,1,0,0,0,0,0
2014/07/26,03,20,1,0,0,0,0,0
2014/07/26,04,16,1,0,0,0,0,0
2014/07/26,05,13,1,0,0,0,0,0
2014/07/26,06,13,1,0,0,0,0,0
2014/07/26,07,15,1,0,0,0,0,0
2014/07/26,08,17,1,0,0,0,0,0
2014/07/26,09,40,13,0,0,0,0,0
2014/07/26,10,67,21,0,0,0,0,0
2014/07/26,11,102,42,0,0,0,0,0
2014/07/26,12,110,44,0,0,0,0,0
2014/07/26,13,115,47,0,0,0,0,0
2014/07/26,14,116,48,0,0,0,0,0
2014/07/26,15,116,48,0,0,0,0,0
2014/07/26,16,116,49,0,0,0,0,0
2014/07/26,17,119,47,0,0,0,0,0
2014/07/26,18,118,43,0,0,0,0,0
2014/07/26,19,118,43,0,0,0,0,0
2014/07/26,20,115,41,0,0,0,0,0
2014/07/26,21,115,40,0,0,0,0,0
2014/07/26,22,113,39,0,0,0,0,0
2014/07/26,23,105,36,0,0,0,0,0
2014/07/26,24,67,11,0,0,0,0,0
2014/07/27,01,47,0,0,0,0,0,0
2014/07/27,02,46,0,0,0,0,0,0
2014/07/27,03,43,0,0,0,0,0,0
2014/07/27,04,35,0,0,0,0,0,0
2014/07/27,05,32,0,0,0,0,0,0
2014/07/27,06,33,12,0,0,0,0,0
2014/07/27,07,32,10,0,0,0,0,0
2014/07/27,08,39,17,0,0,0,0,0
2014/07/27,09,41,17,0,0,0,0,0
2014/07/27,10,75,24,0,0,0,0,0
2014/07/27,11,92,37,0,0,0,0,0
2014/07/27,12,112,42,0,0,0,0,0
2014/07/27,13,115,44,0,0,0,0,0
2014/07/27,14,117,46,0,0,0,0,0
2014/07/27,15,118,45,0,0,0,0,0
2014/07/27,16,114,42,0,0,0,0,0
2014/07/27,17,110,40,0,0,0,0,0
2014/07/27,18,109,39,0,0,0,0,0
2014/07/27,19,111,40,0,0,0,0,0
2014/07/27,20,112,39,0,0,0,0,0
2014/07/27,21,109,38,0,0,0,0,0
2014/07/27,22,108,36,0,0,0,0,0
2014/07/27,23,98,33,0,0,0,0,0
2014/07/27,24,94,32,0,0,0,0,0
2014/07/28,01,55,14,0,0,0,0,0
2014/07/28,02,15,1,0,0,0,0,0
2014/07/28,03,12,1,0,0,0,0,0
2014/07/28,04,12,1,0,0,0,0,0
2014/07/28,05,12,1,0,0,0,0,0
2014/07/28,06,12,1,0,0,0,0,0
2014/07/28,07,14,1,0,0,0,0,0
2014/07/28,08,13,1,0,0,0,0,0
2014/07/28,09,33,9,0,0,0,0,0
2014/07/28,10,67,20,0,0,0,0,0
2014/07/28,11,79,28,0,0,0,0,0
2014/07/28,12,92,31,0,0,0,0,0
2014/07/28,13,100,34,0,0,0,0,0
2014/07/28,14,102,38,0,0,0,0,0
2014/07/28,15,103,37,0,0,0,0,0
2014/07/28,16,105,38,0,0,0,0,0
2014/07/28,17,108,36,0,0,0,0,0
2014/07/28,18,108,35,0,0,0,0,0
2014/07/28,19,103,33,0,0,0,0,0
2014/07/28,20,102,32,0,0,0,0,0
2014/07/28,21,100,32,0,0,0,0,0
2014/07/28,22,99,30,0,0,0,0,0
2014/07/28,23,92,28,0,0,0,0,0
2014/07/28,24,65,19,0,0,0,0,0
2014/07/29,01,26,1,0,0,0,0,0
2014/07/29,02,20,1,0,0,0,0,0
2014/07/29,03,17,1,0,0,0,0,0
2014/07/29,04,14,1,0,0,0,0,0
2014/07/29,05,11,1,0,0,0,0,0
2014/07/29,06,11,1,0,0,0,0,0
2014/07/29,07,13,1,0,0,0,0,0
2014/07/29,08,13,1,0,0,0,0,0
2014/07/29,09,37,11,0,0,0,0,0
2014/07/29,10,61,16,0,0,0,0,0
2014/07/29,11,83,31,0,0,0,0,0
2014/07/29,12,95,34,0,0,0,0,0
2014/07/29,13,107,37,0,0,0,0,0
2014/07/29,14,109,38,0,0,0,0,0
2014/07/29,15,107,40,0,0,0,0,0
2014/07/29,16,110,40,0,0,0,0,0
2014/07/29,17,110,38,0,0,0,0,0
2014/07/29,18,110,36,0,0,0,0,0
2014/07/29,19,104,34,0,0,0,0,0
2014/07/29,20,103,33,0,0,0,0,0
2014/07/29,21,101,32,0,0,0,0,0
2014/07/29,22,97,28,0,0,0,0,0
2014/07/29,23,89,27,0,0,0,0,0
2014/07/29,24,64,20,0,0,0,0,0
2014/07/30,01,27,5,0,0,0,0,0
2014/07/30,02,18,1,0,0,0,0,0
2014/07/30,03,13,1,0,0,0,0,0
2014/07/30,04,12,1,0,0,0,0,0
2014/07/30,05,11,1,0,0,0,0,0
2014/07/30,06,12,1,0,0,0,0,0
2014/07/30,07,14,1,0,0,0,0,0
2014/07/30,08,13,1,0,0,0,0,0
2014/07/30,09,36,10,0,0,0,0,0
2014/07/30,10,65,19,0,0,0,0,0
2014/07/30,11,84,32,0,0,0,0,0
2014/07/30,12,95,34,0,0,0,0,0
2014/07/30,13,105,38,0,0,0,0,0
2014/07/30,14,107,39,0,0,0,0,0
2014/07/30,15,103,38,0,0,0,0,0
2014/07/30,16,105,39,0,0,0,0,0
2014/07/30,17,106,39,0,0,0,0,0
2014/07/30,18,102,38,0,0,0,0,0
2014/07/30,19,101,34,0,0,0,0,0
2014/07/30,20,105,34,0,0,0,0,0
2014/07/30,21,104,34,0,0,0,0,0
2014/07/30,22,101,32,0,0,0,0,0
2014/07/30,23,94,31,0,0,0,0,0
2014/07/30,24,68,18,0,0,0,0,0
2014/07/31,01,28,4,0,0,0,0,0
2014/07/31,02,19,1,0,0,0,0,0
2014/07/31,03,15,1,0,0,0,0,0
2014/07/31,04,13,1,0,0,0,0,0
2014/07/31,05,12,1,0,0,0,0,0
2014/07/31,06,12,1,0,0,0,0,0
2014/07/31,07,15,1,0,0,0,0,0
2014/07/31,08,15,1,0,0,0,0,0
2014/07/31,09,40,13,0,0,0,0,0
2014/07/31,10,69,23,0,0,0,0,0
2014/07/31,11,89,36,0,0,0,0,0
2014/07/31,12,105,41,0,0,0,0,0
2014/07/31,13,111,42,0,0,0,0,0
2014/07/31,14,112,44,0,0,0,0,0
2014/07/31,15,113,45,0,0,0,0,0
2014/07/31,16,116,46,0,0,0,0,0
2014/07/31,17,114,45,0,0,0,0,0
2014/07/31,18,117,44,0,0,0,0,0
2014/07/31,19,110,41,0,0,0,0,0
2014/07/31,20,110,38,0,0,0,0,0
2014/07/31,21,109,37,0,0,0,0,0
2014/07/31,22,110,37,0,0,0,0,0
2014/07/31,23,97,33,0,0,0,0,0
2014/07/31,24,80,24,0,0,0,0,0
2014/08/01,01,32,6,0,0,0,0,0
2014/08/01,02,19,1,0,0,0,0,0
2014/08/01,03,17,1,0,0,0,0,0
2014/08/01,04,13,1,0,0,0,0,0
2014/08/01,05,12,1,0,0,0,0,0
2014/08/01,06,12,1,0,0,0,0,0
2014/08/01,07,15,1,0,0,0,0,0
2014/08/01,08,14,1,0,0,0,0,0
2014/08/01,09,38,12,0,0,0,0,0
2014/08/01,10,68,23,0,0,0,0,0
2014/08/01,11,90,38,0,0,0,0,0
2014/08/01,12,107,42,0,0,0,0,0
2014/08/01,13,112,44,0,0,0,0,0
2014/08/01,14,113,45,0,0,0,0,0
2014/08/01,15,115,46,0,0,0,0,0
2014/08/01,16,117,47,0,0,0,0,0
2014/08/01,17,114,44,0,0,0,0,0
2014/08/01,18,115,42,0,0,0,0,0
2014/08/01,19,112,40,0,0,0,0,0
2014/08/01,20,115,40,0,0,0,0,0
2014/08/01,21,111,38,0,0,0,0,0
2014/08/01,22,110,37,0,0,0,0,0
2014/08/01,23,98,34,0,0,0,0,0
2014/08/01,24,81,24,0,0,0,0,0
2014/08/02,01,44,8,0,0,0,0,0
2014/08/02,02,22,1,0,0,0,0,0
2014/08/02,03,20,1,0,0,0,0,0
2014/08/02,04,18,1,0,0,0,0,0
2014/08/02,05,13,1,0,0,0,0,0
2014/08/02,06,12,1,0,0,0,0,0
2014/08/02,07,15,1,0,0,0,0,0
2014/08/02,08,18,1,0,0,0,0,0
2014/08/02,09,41,14,0,0,0,0,0
2014/08/02,10,81,30,0,0,0,0,0
2014/08/02,11,101,39,0,0,0,0,0
2014/08/02,12,111,45,0,0,0,0,0
2014/08/02,13,115,47,0,0,0,0,0
2014/08/02,14,114,48,0,0,0,0,0
2014/08/02,15,117,47,0,0,0,0,0
2014/08/02,16,116,47,0,0,0,0,0
2014/08/02,17,118,46,0,0,0,0,0
2014/08/02,18,119,44,0,0,0,0,0
2014/08/02,19,116,44,0,0,0,0,0
2014/08/02,20,116,41,0,0,0,0,0
2014/08/02,21,117,41,0,0,0,0,0
2014/08/02,22,113,38,0,0,0,0,0
2014/08/02,23,102,35,0,0,0,0,0
2014/08/02,24,80,26,0,0,0,0,0
2014/08/03,01,34,5,0,0,0,0,0
2014/08/03,02,21,1,0,0,0,0,0
2014/08/03,03,17,1,0,0,0,0,0
2014/08/03,04,12,1,0,0,0,0,0
2014/08/03,05,12,1,0,0,0,0,0
2014/08/03,06,12,1,0,0,0,0,0
2014/08/03,07,14,1,0,0,0,0,0
2014/08/03,08,14,1,0,0,0,0,0
2014/08/03,09,40,14,0,0,0,0,0
2014/08/03,10,73,25,0,0,0,0,0
2014/08/03,11,101,46,0,0,0,0,0
2014/08/03,12,115,49,0,0,0,0,0
2014/08/03,13,119,49,0,0,0,0,0
2014/08/03,14,120,48,0,0,0,0,0
2014/08/03,15,122,48,0,0,0,0,0
2014/08/03,16,120,47,0,0,0,0,0
2014/08/03,17,119,46,0,0,0,0,0
2014/08/03,18,116,44,0,0,0,0,0
2014/08/03,19,116,42,0,0,0,0,0
2014/08/03,20,115,41,0,0,0,0,0
2014/08/03,21,114,40,0,0,0,0,0
2014/08/03,22,112,38,0,0,0,0,0
2014/08/03,23,104,38,0,0,0,0,0
2014/08/03,24,99,38,0,0,0,0,0
2014/08/04,01,96,35,0,0,0,0,0
2014/08/04,02,74,26,0,0,0,0,0
2014/08/04,03,13,1,0,0,0,0,0
2014/08/04,04,13,1,0,0,0,0,0
2014/08/04,05,13,1,0,0,0,0,0
2014/08/04,06,13,1,0,0,0,0,0
2014/08/04,07,16,1,0,0,0,0,0
2014/08/04,08,16,1,0,0,0,0,0
2014/08/04,09,61,22,0,0,0,0,0
2014/08/04,10,74,26,0,0,0,0,0
2014/08/04,11,96,42,0,0,0,0,0
2014/08/04,12,107,45,0,0,0,0,0
2014/08/04,13,118,45,0,0,0,0,0
2014/08/04,14,116,47,0,0,0,0,0
2014/08/04,15,115,46,0,0,0,0,0
2014/08/04,16,113,44,0,0,0,0,0
2014/08/04,17,118,45,0,0,0,0,0
2014/08/04,18,116,43,0,0,0,0,0
2014/08/04,19,117,43,0,0,0,0,0
2014/08/04,20,115,41,0,0,0,0,0
2014/08/04,21,113,40,0,0,0,0,0
2014/08/04,22,109,38,0,0,0,0,0
2014/08/04,23,100,37,0,0,0,0,0
2014/08/04,24,71,20,0,0,0,0,0
2014/08/05,01,30,4,0,0,0,0,0
2014/08/05,02,20,1,0,0,0,0,0
2014/08/05,03,14,1,0,0,0,0,0
2014/08/05,04,12,1,0,0,0,0,0
2014/08/05,05,11,1,0,0,0,0,0
2014/08/05,06,12,1,0,0,0,0,0
2014/08/05,07,14,1,0,0,0,0,0
2014/08/05,08,15,1,0,0,0,0,0
2014/08/05,09,67,27,0,0,0,0,0
2014/08/05,10,80,30,0,0,0,0,0
2014/08/05,11,97,43,0,0,0,0,0
2014/08/05,12,104,45,0,0,0,0,0
2014/08/05,13,118,46,0,0,0,0,0
2014/08/05,14,120,48,0,0,0,0,0
2014/08/05,15,119,49,0,0,0,0,0
2014/08/05,16,120,48,0,0,0,0,0
2014/08/05,17,120,47,0,0,0,0,0
2014/08/05,18,120,45,0,0,0,0,0
2014/08/05,19,117,45,0,0,0,0,0
2014/08/05,20,115,43,0,0,0,0,0
2014/08/05,21,112,41,0,0,0,0,0
2014/08/05,22,109,41,0,0,0,0,0
2014/08/05,23,102,39,0,0,0,0,0
2014/08/05,24,88,33,0,0,0,0,0
2014/08/06,01,30,4,0,0,0,0,0
2014/08/06,02,19,1,0,0,0,0,0
2014/08/06,03,16,1,0,0,0,0,0
2014/08/06,04,12,1,0,0,0,0,0
2014/08/06,05,12,1,0,0,0,0,0
2014/08/06,06,12,1,0,0,0,0,0
2014/08/06,07,15,1,0,0,0,0,0
2014/08/06,08,15,1,0,0,0,0,0
2014/08/06,09,42,15,0,0,0,0,0
2014/08/06,10,78,29,0,0,0,0,0
2014/08/06,11,95,41,0,0,0,0,0
2014/08/06,12,112,45,0,0,0,0,0
2014/08/06,13,115,46,0,0,0,0,0
2014/08/06,14,117,47,0,0,0,0,0
2014/08/06,15,117,45,0,0,0,0,0
2014/08/06,16,117,46,0,0,0,0,0
2014/08/06,17,115,45,0,0,0,0,0
2014/08/06,18,116,44,0,0,0,0,0
2014/08/06,19,113,41,0,0,0,0,0
2014/08/06,20,115,42,0,0,0,0,0
2014/08/06,21,112,39,0,0,0,0,0
2014/08/06,22,110,38,0,0,0,0,0
2014/08/06,23,98,34,0,0,0,0,0
2014/08/06,24,76,25,0,0,0,0,0
2014/08/07,01,23,2,0,0,0,0,0
2014/08/07,02,18,1,0,0,0,0,0
2014/08/07,03,15,1,0,0,0,0,0
2014/08/07,04,12,1,0,0,0,0,0
2014/08/07,05,12,1,0,0,0,0,0
2014/08/07,06,11,1,0,0,0,0,0
2014/08/07,07,14,1,0,0,0,0,0
2014/08/07,08,15,1,0,0,0,0,0
2014/08/07,09,46,16,0,0,0,0,0
2014/08/07,10,74,27,0,0,0,0,0
2014/08/07,11,91,39,0,0,0,0,0
2014/08/07,12,104,42,0,0,0,0,0
2014/08/07,13,111,45,0,0,0,0,0
2014/08/07,14,111,46,0,0,0,0,0
2014/08/07,15,111,46,0,0,0,0,0
2014/08/07,16,111,45,0,0,0,0,0
2014/08/07,17,116,43,0,0,0,0,0
2014/08/07,18,115,40,0,0,0,0,0
2014/08/07,19,111,38,0,0,0,0,0
2014/08/07,20,111,37,0,0,0,0,0
2014/08/07,21,107,34,0,0,0,0,0
2014/08/07,22,104,34,0,0,0,0,0
2014/08/07,23,98,32,0,0,0,0,0
2014/08/07,24,71,26,0,0,0,0,0
2014/08/08,01,33,1,0,0,0,0,0
2014/08/08,02,23,1,0,0,0,0,0
2014/08/08,03,14,1,0,0,0,0,0
2014/08/08,04,13,1,0,0,0,0,0
2014/08/08,05,12,1,0,0,0,0,0
2014/08/08,06,13,1,0,0,0,0,0
2014/08/08,07,15,1,0,0,0,0,0
2014/08/08,08,15,1,0,0,0,0,0
2014/08/08,09,39,12,0,0,0,0,0
2014/08/08,10,69,22,0,0,0,0,0
2014/08/08,11,86,33,0,0,0,0,0
2014/08/08,12,102,38,0,0,0,0,0
2014/08/08,13,103,40,0,0,0,0,0
2014/08/08,14,105,40,0,0,0,0,0
2014/08/08,15,107,40,0,0,0,0,0
2014/08/08,16,105,40,0,0,0,0,0
2014/08/08,17,111,40,0,0,0,0,0
2014/08/08,18,113,38,0,0,0,0,0
2014/08/08,19,110,38,0,0,0,0,0
2014/08/08,20,111,39,0,0,0,0,0
2014/08/08,21,107,36,0,0,0,0,0
2014/08/08,22,105,35,0,0,0,0,0
2014/08/08,23,96,32,0,0,0,0,0
2014/08/08,24,76,23,0,0,0,0,0
2014/08/09,01,30,3,0,0,0,0,0
2014/08/09,02,23,1,0,0,0,0,0
2014/08/09,03,21,1,0,0,0,0,0
2014/08/09,04,15,1,0,0,0,0,0
2014/08/09,05,13,1,0,0,0,0,0
2014/08/09,06,13,1,0,0,0,0,0
2014/08/09,07,15,1,0,0,0,0,0
2014/08/09,08,19,1,0,0,0,0,0
2014/08/09,09,36,10,0,0,0,0,0
2014/08/09,10,63,18,0,0,0,0,0
2014/08/09,11,90,29,0,0,0,0,0
2014/08/09,12,91,28,0,0,0,0,0
2014/08/09,13,94,32,0,0,0,0,0
2014/08/09,14,96,33,0,0,0,0,0
2014/08/09,15,96,32,0,0,0,0,0
2014/08/09,16,98,33,0,0,0,0,0
2014/08/09,17,99,30,0,0,0,0,0
2014/08/09,18,99,27,0,0,0,0,0
2014/08/09,19,94,25,0,0,0,0,0
2014/08/09,20,96,25,0,0,0,0,0
2014/08/09,21,95,25,0,0,0,0,0
2014/08/09,22,92,23,0,0,0,0,0
2014/08/09,23,85,22,0,0,0,0,0
2014/08/09,24,65,16,0,0,0,0,0
2014/08/10,01,22,1,0,0,0,0,0
2014/08/10,02,18,1,0,0,0,0,0
2014/08/10,03,17,1,0,0,0,0,0
2014/08/10,04,15,1,0,0,0,0,0
2014/08/10,05,13,1,0,0,0,0,0
2014/08/10,06,11,1,0,0,0,0,0
2014/08/10,07,14,1,0,0,0,0,0
2014/08/10,08,13,1,0,0,0,0,0
2014/08/10,09,35,9,0,0,0,0,0
2014/08/10,10,59,15,0,0,0,0,0
2014/08/10,11,86,34,0,0,0,0,0
2014/08/10,12,98,36,0,0,0,0,0
2014/08/10,13,101,38,0,0,0,0,0
2014/08/10,14,101,37,0,0,0,0,0
2014/08/10,15,99,36,0,0,0,0,0
2014/08/10,16,107,39,0,0,0,0,0
2014/08/10,17,109,39,0,0,0,0,0
2014/08/10,18,113,39,0,0,0,0,0
2014/08/10,19,103,34,0,0,0,0,0
2014/08/10,20,105,35,0,0,0,0,0
2014/08/10,21,104,35,0,0,0,0,0
2014/08/10,22,100,33,0,0,0,0,0
2014/08/10,23,92,31,0,0,0,0,0
2014/08/10,24,67,18,0,0,0,0,0
2014/08/11,01,24,2,0,0,0,0,0
2014/08/11,02,16,1,0,0,0,0,0
2014/08/11,03,13,1,0,0,0,0,0
2014/08/11,04,12,1,0,0,0,0,0
2014/08/11,05,12,1,0,0,0,0,0
2014/08/11,06,12,1,0,0,0,0,0
2014/08/11,07,15,1,0,0,0,0,0
2014/08/11,08,15,1,0,0,0,0,0
2014/08/11,09,36,11,0,0,0,0,0
2014/08/11,10,70,23,0,0,0,0,0
2014/08/11,11,91,38,0,0,0,0,0
2014/08/11,12,107,40,0,0,0,0,0
2014/08/11,13,111,42,0,0,0,0,0
2014/08/11,14,111,43,0,0,0,0,0
2014/08/11,15,108,43,0,0,0,0,0
2014/08/11,16,110,42,0,0,0,0,0
2014/08/11,17,110,41,0,0,0,0,0
2014/08/11,18,109,37,0,0,0,0,0
2014/08/11,19,105,36,0,0,0,0,0
2014/08/11,20,105,35,0,0,0,0,0
2014/08/11,21,106,36,0,0,0,0,0
2014/08/11,22,102,33,0,0,0,0,0
2014/08/11,23,94,30,0,0,0,0,0
2014/08/11,24,77,24,0,0,0,0,0
2014/08/12,01,29,3,0,0,0,0,0
2014/08/12,02,20,1,0,0,0,0,0
2014/08/12,03,15,1,0,0,0,0,0
2014/08/12,04,12,1,0,0,0,0,0
2014/08/12,05,12,1,0,0,0,0,0
2014/08/12,06,12,1,0,0,0,0,0
2014/08/12,07,15,1,0,0,0,0,0
2014/08/12,08,15,1,0,0,0,0,0
2014/08/12,09,40,12,0,0,0,0,0
2014/08/12,10,76,25,0,0,0,0,0
2014/08/12,11,87,33,0,0,0,0,0
2014/08/12,12,96,36,0,0,0,0,0
2014/08/12,13,101,37,0,0,0,0,0
2014/08/12,14,102,37,0,0,0,0,0
2014/08/12,15,101,37,0,0,0,0,0
2014/08/12,16,99,33,0,0,0,0,0
2014/08/12,17,99,31,0,0,0,0,0
2014/08/12,18,98,28,0,0,0,0,0
2014/08/12,19,92,25,0,0,0,0,0
2014/08/12,20,94,24,0,0,0,0,0
2014/08/12,21,93,24,0,0,0,0,0
2014/08/12,22,93,24,0,0,0,0,0
2014/08/12,23,84,22,0,0,0,0,0
2014/08/12,24,69,17,0,0,0,0,0
2014/08/13,01,25,2,0,0,0,0,0
2014/08/13,02,19,1,0,0,0,0,0
2014/08/13,03,15,1,0,0,0,0,0
2014/08/13,04,12,1,0,0,0,0,0
2014/08/13,05,12,1,0,0,0,0,0
2014/08/13,06,12,1,0,0,0,0,0
2014/08/13,07,14,1,0,0,0,0,0
2014/08/13,08,13,1,0,0,0,0,0
2014/08/13,09,34,8,0,0,0,0,0
2014/08/13,10,64,16,0,0,0,0,0
2014/08/13,11,78,25,0,0,0,0,0
2014/08/13,12,88,28,0,0,0,0,0
2014/08/13,13,96,31,0,0,0,0,0
2014/08/13,14,105,41,0,0,0,0,0
2014/08/13,15,107,42,0,0,0,0,0
2014/08/13,16,108,41,0,0,0,0,0
2014/08/13,17,105,39,0,0,0,0,0
2014/08/13,18,109,39,0,0,0,0,0
2014/08/13,19,107,37,0,0,0,0,0
2014/08/13,20,105,35,0,0,0,0,0
2014/08/13,21,103,34,0,0,0,0,0
2014/08/13,22,103,33,0,0,0,0,0
2014/08/13,23,94,32,0,0,0,0,0
2014/08/13,24,71,18,0,0,0,0,0
2014/08/14,01,25,2,0,0,0,0,0
2014/08/14,02,17,1,0,0,0,0,0
2014/08/14,03,14,1,0,0,0,0,0
2014/08/14,04,12,1,0,0,0,0,0
2014/08/14,05,12,1,0,0,0,0,0
2014/08/14,06,12,1,0,0,0,0,0
2014/08/14,07,15,1,0,0,0,0,0
2014/08/14,08,14,1,0,0,0,0,0
2014/08/14,09,34,10,0,0,0,0,0
2014/08/14,10,68,22,0,0,0,0,0
2014/08/14,11,85,33,0,0,0,0,0
2014/08/14,12,99,37,0,0,0,0,0
2014/08/14,13,105,39,0,0,0,0,0
2014/08/14,14,104,37,0,0,0,0,0
2014/08/14,15,100,37,0,0,0,0,0
2014/08/14,16,102,37,0,0,0,0,0
2014/08/14,17,105,36,0,0,0,0,0
2014/08/14,18,109,36,0,0,0,0,0
2014/08/14,19,105,35,0,0,0,0,0
2014/08/14,20,106,35,0,0,0,0,0
2014/08/14,21,105,34,0,0,0,0,0
2014/08/14,22,104,33,0,0,0,0,0
2014/08/14,23,95,30,0,0,0,0,0
2014/08/14,24,67,18,0,0,0,0,0
2014/08/15,01,28,3,0,0,0,0,0
2014/08/15,02,17,1,0,0,0,0,0
2014/08/15,03,15,1,0,0,0,0,0
2014/08/15,04,13,1,0,0,0,0,0
2014/08/15,05,13,1,0,0,0,0,0
2014/08/15,06,13,1,0,0,0,0,0
2014/08/15,07,15,1,0,0,0,0,0
2014/08/15,08,15,1,0,0,0,0,0
2014/08/15,09,39,12,0,0,0,0,0
2014/08/15,10,72,24,0,0,0,0,0
2014/08/15,11,101,38,0,0,0,0,0
2014/08/15,12,113,43,0,0,0,0,0
2014/08/15,13,117,47,0,0,0,0,0
2014/08/15,14,118,47,0,0,0,0,0
2014/08/15,15,116,47,0,0,0,0,0
2014/08/15,16,117,46,0,0,0,0,0
2014/08/15,17,120,46,0,0,0,0,0
2014/08/15,18,118,43,0,0,0,0,0
2014/08/15,19,114,42,0,0,0,0,0
2014/08/15,20,112,40,0,0,0,0,0
2014/08/15,21,112,40,0,0,0,0,0
2014/08/15,22,112,39,0,0,0,0,0
2014/08/15,23,102,36,0,0,0,0,0
2014/08/15,24,72,25,0,0,0,0,0
2014/08/16,01,30,2,0,0,0,0,0
2014/08/16,02,22,1,0,0,0,0,0
2014/08/16,03,19,1,0,0,0,0,0
2014/08/16,04,15,1,0,0,0,0,0
2014/08/16,05,14,1,0,0,0,0,0
2014/08/16,06,14,1,0,0,0,0,0
2014/08/16,07,15,1,0,0,0,0,0
2014/08/16,08,17,1,0,0,0,0,0
2014/08/16,09,38,11,0,0,0,0,0
2014/08/16,10,71,23,0,0,0,0,0
2014/08/16,11,93,30,0,0,0,0,0
2014/08/16,12,100,34,0,0,0,0,0
2014/08/16,13,99,37,0,0,0,0,0
2014/08/16,14,102,39,0,0,0,0,0
2014/08/16,15,100,35,0,0,0,0,0
2014/08/16,16,98,31,0,0,0,0,0
2014/08/16,17,96,28,0,0,0,0,0
2014/08/16,18,102,29,0,0,0,0,0
2014/08/16,19,96,28,0,0,0,0,0
2014/08/16,20,99,29,0,0,0,0,0
2014/08/16,21,94,26,0,0,0,0,0
2014/08/16,22,94,25,0,0,0,0,0
2014/08/16,23,81,22,0,0,0,0,0
2014/08/16,24,54,13,0,0,0,0,0
2014/08/17,01,28,4,0,0,0,0,0
2014/08/17,02,23,1,0,0,0,0,0
2014/08/17,03,18,1,0,0,0,0,0
2014/08/17,04,14,1,0,0,0,0,0
2014/08/17,05,12,1,0,0,0,0,0
2014/08/17,06,11,1,0,0,0,0,0
2014/08/17,07,13,1,0,0,0,0,0
2014/08/17,08,13,1,0,0,0,0,0
2014/08/17,09,26,4,0,0,0,0,0
2014/08/17,10,58,13,0,0,0,0,0
2014/08/17,11,72,23,0,0,0,0,0
2014/08/17,12,91,28,0,0,0,0,0
2014/08/17,13,98,33,0,0,0,0,0
2014/08/17,14,104,36,0,0,0,0,0
2014/08/17,15,102,38,0,0,0,0,0
2014/08/17,16,103,39,0,0,0,0,0
2014/08/17,17,109,41,0,0,0,0,0
2014/08/17,18,112,40,0,0,0,0,0
2014/08/17,19,107,37,0,0,0,0,0
2014/08/17,20,108,36,0,0,0,0,0
2014/08/17,21,109,35,0,0,0,0,0
2014/08/17,22,105,34,0,0,0,0,0
2014/08/17,23,91,29,0,0,0,0,0
2014/08/17,24,50,16,0,0,0,0,0
2014/08/18,01,24,2,0,0,0,0,0
2014/08/18,02,16,1,0,0,0,0,0
2014/08/18,03,13,1,0,0,0,0,0
2014/08/18,04,12,1,0,0,0,0,0
2014/08/18,05,12,1,0,0,0,0,0
2014/08/18,06,11,1,0,0,0,0,0
2014/08/18,07,14,1,0,0,0,0,0
2014/08/18,08,13,1,0,0,0,0,0
2014/08/18,09,32,9,0,0,0,0,0
2014/08/18,10,67,21,0,0,0,0,0
2014/08/18,11,86,34,0,0,0,0,0
2014/08/18,12,104,40,0,0,0,0,0
2014/08/18,13,110,42,0,0,0,0,0
2014/08/18,14,113,45,0,0,0,0,0
2014/08/18,15,111,45,0,0,0,0,0
2014/08/18,16,113,46,0,0,0,0,0
2014/08/18,17,115,42,0,0,0,0,0
2014/08/18,18,114,41,0,0,0,0,0
2014/08/18,19,111,38,0,0,0,0,0
2014/08/18,20,110,37,0,0,0,0,0
2014/08/18,21,109,36,0,0,0,0,0
2014/08/18,22,109,34,0,0,0,0,0
2014/08/18,23,99,32,0,0,0,0,0
2014/08/18,24,62,23,0,0,0,0,0
2014/08/19,01,28,4,0,0,0,0,0
2014/08/19,02,19,1,0,0,0,0,0
2014/08/19,03,16,1,0,0,0,0,0
2014/08/19,04,12,1,0,0,0,0,0
2014/08/19,05,12,1,0,0,0,0,0
2014/08/19,06,12,1,0,0,0,0,0
2014/08/19,07,14,1,0,0,0,0,0
2014/08/19,08,14,1,0,0,0,0,0
2014/08/19,09,35,10,0,0,0,0,0
2014/08/19,10,77,26,0,0,0,0,0
2014/08/19,11,92,38,0,0,0,0,0
2014/08/19,12,105,41,0,0,0,0,0
2014/08/19,13,114,44,0,0,0,0,0
2014/08/19,14,116,45,0,0,0,0,0
2014/08/19,15,114,45,0,0,0,0,0
2014/08/19,16,114,45,0,0,0,0,0
2014/08/19,17,117,45,0,0,0,0,0
2014/08/19,18,118,43,0,0,0,0,0
2014/08/19,19,112,40,0,0,0,0,0
2014/08/19,20,113,39,0,0,0,0,0
2014/08/19,21,109,37,0,0,0,0,0
2014/08/19,22,110,38,0,0,0,0,0
2014/08/19,23,102,36,0,0,0,0,0
2014/08/19,24,99,36,0,0,0,0,0
2014/08/20,01,93,33,0,0,0,0,0
2014/08/20,02,92,33,0,0,0,0,0
2014/08/20,03,54,13,0,0,0,0,0
2014/08/20,04,13,1,0,0,0,0,0
2014/08/20,05,13,1,0,0,0,0,0
2014/08/20,06,13,1,0,0,0,0,0
2014/08/20,07,16,1,0,0,0,0,0
2014/08/20,08,15,1,0,0,0,0,0
2014/08/20,09,75,28,0,0,0,0,0
2014/08/20,10,84,30,0,0,0,0,0
2014/08/20,11,101,44,0,0,0,0,0
2014/08/20,12,111,46,0,0,0,0,0
2014/08/20,13,119,47,0,0,0,0,0
2014/08/20,14,119,46,0,0,0,0,0
2014/08/20,15,116,48,0,0,0,0,0
2014/08/20,16,117,48,0,0,0,0,0
2014/08/20,17,118,46,0,0,0,0,0
2014/08/20,18,117,44,0,0,0,0,0
2014/08/20,19,114,42,0,0,0,0,0
2014/08/20,20,115,42,0,0,0,0,0
2014/08/20,21,114,41,0,0,0,0,0
2014/08/20,22,114,40,0,0,0,0,0
2014/08/20,23,102,37,0,0,0,0,0
2014/08/20,24,61,19,0,0,0,0,0
2014/08/21,01,31,4,0,0,0,0,0
2014/08/21,02,19,1,0,0,0,0,0
2014/08/21,03,16,1,0,0,0,0,0
2014/08/21,04,12,1,0,0,0,0,0
2014/08/21,05,12,1,0,0,0,0,0
2014/08/21,06,12,1,0,0,0,0,0
2014/08/21,07,14,1,0,0,0,0,0
2014/08/21,08,14,1,0,0,0,0,0
2014/08/21,09,35,11,0,0,0,0,0
2014/08/21,10,72,26,0,0,0,0,0
2014/08/21,11,94,41,0,0,0,0,0
2014/08/21,12,110,45,0,0,0,0,0
2014/08/21,13,112,46,0,0,0,0,0
2014/08/21,14,112,46,0,0,0,0,0
2014/08/21,15,115,46,0,0,0,0,0
2014/08/21,16,116,45,0,0,0,0,0
2014/08/21,17,115,44,0,0,0,0,0
2014/08/21,18,115,43,0,0,0,0,0
2014/08/21,19,112,42,0,0,0,0,0
2014/08/21,20,113,39,0,0,0,0,0
2014/08/21,21,112,40,0,0,0,0,0
2014/08/21,22,111,40,0,0,0,0,0
2014/08/21,23,99,36,0,0,0,0,0
2014/08/21,24,65,23,0,0,0,0,0
2014/08/22,01,30,4,0,0,0,0,0
2014/08/22,02,17,1,0,0,0,0,0
2014/08/22,03,13,1,0,0,0,0,0
2014/08/22,04,13,1,0,0,0,0,0
2014/08/22,05,13,1,0,0,0,0,0
2014/08/22,06,13,1,0,0,0,0,0
2014/08/22,07,16,1,0,0,0,0,0
2014/08/22,08,15,1,0,0,0,0,0
2014/08/22,09,35,11,0,0,0,0,0
2014/08/22,10,75,29,0,0,0,0,0
2014/08/22,11,102,41,0,0,0,0,0
2014/08/22,12,110,43,0,0,0,0,0
2014/08/22,13,113,46,0,0,0,0,0
2014/08/22,14,116,46,0,0,0,0,0
2014/08/22,15,115,47,0,0,0,0,0
2014/08/22,16,116,47,0,0,0,0,0
2014/08/22,17,119,44,0,0,0,0,0
2014/08/22,18,118,42,0,0,0,0,0
2014/08/22,19,114,42,0,0,0,0,0
2014/08/22,20,113,40,0,0,0,0,0
2014/08/22,21,114,40,0,0,0,0,0
2014/08/22,22,110,40,0,0,0,0,0
2014/08/22,23,97,35,0,0,0,0,0
2014/08/22,24,73,25,0,0,0,0,0
2014/08/23,01,39,8,0,0,0,0,0
2014/08/23,02,24,1,0,0,0,0,0
2014/08/23,03,19,1,0,0,0,0,0
2014/08/23,04,13,1,0,0,0,0,0
2014/08/23,05,12,1,0,0,0,0,0
2014/08/23,06,12,1,0,0,0,0,0
2014/08/23,07,15,1,0,0,0,0,0
2014/08/23,08,17,1,0,0,0,0,0
2014/08/23,09,35,10,0,0,0,0,0
2014/08/23,10,74,27,0,0,0,0,0
2014/08/23,11,97,37,0,0,0,0,0
2014/08/23,12,106,38,0,0,0,0,0
2014/08/23,13,102,36,0,0,0,0,0
2014/08/23,14,99,35,0,0,0,0,0
2014/08/23,15,100,37,0,0,0,0,0
2014/08/23,16,101,38,0,0,0,0,0
2014/08/23,17,109,39,0,0,0,0,0
2014/08/23,18,107,35,0,0,0,0,0
2014/08/23,19,104,34,0,0,0,0,0
2014/08/23,20,108,34,0,0,0,0,0
2014/08/23,21,105,34,0,0,0,0,0
2014/08/23,22,101,32,0,0,0,0,0
2014/08/23,23,90,29,0,0,0,0,0
2014/08/23,24,55,16,0,0,0,0,0
2014/08/24,01,26,2,0,0,0,0,0
2014/08/24,02,24,1,0,0,0,0,0
2014/08/24,03,20,1,0,0,0,0,0
2014/08/24,04,15,1,0,0,0,0,0
2014/08/24,05,12,1,0,0,0,0,0
2014/08/24,06,12,1,0,0,0,0,0
2014/08/24,07,14,1,0,0,0,0,0
2014/08/24,08,14,1,0,0,0,0,0
2014/08/24,09,33,9,0,0,0,0,0
2014/08/24,10,70,23,0,0,0,0,0
2014/08/24,11,86,34,0,0,0,0,0
2014/08/24,12,106,40,0,0,0,0,0
2014/08/24,13,110,42,0,0,0,0,0
2014/08/24,14,111,42,0,0,0,0,0
2014/08/24,15,109,43,0,0,0,0,0
2014/08/24,16,109,43,0,0,0,0,0
2014/08/24,17,110,41,0,0,0,0,0
2014/08/24,18,109,39,0,0,0,0,0
2014/08/24,19,107,37,0,0,0,0,0
2014/08/24,20,108,35,0,0,0,0,0
2014/08/24,21,106,35,0,0,0,0,0
2014/08/24,22,103,33,0,0,0,0,0
2014/08/24,23,90,31,0,0,0,0,0
2014/08/24,24,53,16,0,0,0,0,0
2014/08/25,01,36,9,0,0,0,0,0
2014/08/25,02,14,1,0,0,0,0,0
2014/08/25,03,12,1,0,0,0,0,0
2014/08/25,04,11,1,0,0,0,0,0
2014/08/25,05,12,1,0,0,0,0,0
2014/08/25,06,12,1,0,0,0,0,0
2014/08/25,07,15,1,0,0,0,0,0
2014/08/25,08,14,1,0,0,0,0,0
2014/08/25,09,34,10,0,0,0,0,0
2014/08/25,10,60,16,0,0,0,0,0
2014/08/25,11,75,24,0,0,0,0,0
2014/08/25,12,89,27,0,0,0,0,0
2014/08/25,13,93,31,0,0,0,0,0
2014/08/25,14,98,34,0,0,0,0,0
2014/08/25,15,95,34,0,0,0,0,0
2014/08/25,16,97,34,0,0,0,0,0
2014/08/25,17,101,33,0,0,0,0,0
2014/08/25,18,103,33,0,0,0,0,0
2014/08/25,19,100,32,0,0,0,0,0
2014/08/25,20,102,32,0,0,0,0,0
2014/08/25,21,103,32,0,0,0,0,0
2014/08/25,22,104,32,0,0,0,0,0
2014/08/25,23,94,30,0,0,0,0,0
2014/08/25,24,57,20,0,0,0,0,0
2014/08/26,01,42,9,0,0,0,0,0
2014/08/26,02,49,19,0,0,0,0,0
2014/08/26,03,41,16,0,0,0,0,0
2014/08/26,04,37,15,0,0,0,0,0
2014/08/26,05,36,14,0,0,0,0,0
2014/08/26,06,30,10,0,0,0,0,0
2014/08/26,07,31,9,0,0,0,0,0
2014/08/26,08,32,10,0,0,0,0,0
2014/08/26,09,39,9,0,0,0,0,0
2014/08/26,10,65,16,0,0,0,0,0
2014/08/26,11,75,22,0,0,0,0,0
2014/08/26,12,86,24,0,0,0,0,0
2014/08/26,13,87,25,0,0,0,0,0
2014/08/26,14,89,28,0,0,0,0,0
2014/08/26,15,86,27,0,0,0,0,0
2014/08/26,16,89,28,0,0,0,0,0
2014/08/26,17,92,26,0,0,0,0,0
2014/08/26,18,95,25,0,0,0,0,0
2014/08/26,19,92,25,0,0,0,0,0
2014/08/26,20,92,25,0,0,0,0,0
2014/08/26,21,90,23,0,0,0,0,0
2014/08/26,22,88,23,0,0,0,0,0
2014/08/26,23,79,21,0,0,0,0,0
2014/08/26,24,50,15,0,0,0,0,0
2014/08/27,01,23,2,0,0,0,0,0
2014/08/27,02,15,1,0,0,0,0,0
2014/08/27,03,12,1,0,0,0,0,0
2014/08/27,04,11,1,0,0,0,0,0
2014/08/27,05,12,1,0,0,0,0,0
2014/08/27,06,11,1,0,0,0,0,0
2014/08/27,07,13,1,0,0,0,0,0
2014/08/27,08,13,1,0,0,0,0,0
2014/08/27,09,24,3,0,0,0,0,0
2014/08/27,10,54,10,0,0,0,0,0
2014/08/27,11,66,15,0,0,0,0,0
2014/08/27,12,76,18,0,0,0,0,0
2014/08/27,13,79,19,0,0,0,0,0
2014/08/27,14,79,20,0,0,0,0,0
2014/08/27,15,78,21,0,0,0,0,0
2014/08/27,16,80,22,0,0,0,0,0
2014/08/27,17,83,20,0,0,0,0,0
2014/08/27,18,88,20,0,0,0,0,0
2014/08/27,19,87,21,0,0,0,0,0
2014/08/27,20,88,21,0,0,0,0,0
2014/08/27,21,85,19,0,0,0,0,0
2014/08/27,22,82,19,0,0,0,0,0
2014/08/27,23,73,17,0,0,0,0,0
2014/08/27,24,46,12,0,0,0,0,0
2014/08/28,01,19,1,0,0,0,0,0
2014/08/28,02,16,1,0,0,0,0,0
2014/08/28,03,14,1,0,0,0,0,0
2014/08/28,04,12,1,0,0,0,0,0
2014/08/28,05,11,1,0,0,0,0,0
2014/08/28,06,10,1,0,0,0,0,0
2014/08/28,07,12,1,0,0,0,0,0
2014/08/28,08,12,1,0,0,0,0,0
2014/08/28,09,24,3,0,0,0,0,0
2014/08/28,10,53,8,0,0,0,0,0
2014/08/28,11,63,13,0,0,0,0,0
2014/08/28,12,74,16,0,0,0,0,0
2014/08/28,13,77,19,0,0,0,0,0
2014/08/28,14,77,19,0,0,0,0,0
2014/08/28,15,79,22,0,0,0,0,0
2014/08/28,16,79,21,0,0,0,0,0
2014/08/28,17,82,20,0,0,0,0,0
2014/08/28,18,87,21,0,0,0,0,0
2014/08/28,19,85,21,0,0,0,0,0
2014/08/28,20,85,20,0,0,0,0,0
2014/08/28,21,84,19,0,0,0,0,0
2014/08/28,22,84,19,0,0,0,0,0
2014/08/28,23,72,18,0,0,0,0,0
2014/08/28,24,42,11,0,0,0,0,0
2014/08/29,01,20,1,0,0,0,0,0
2014/08/29,02,17,1,0,0,0,0,0
2014/08/29,03,12,1,0,0,0,0,0
2014/08/29,04,11,1,0,0,0,0,0
2014/08/29,05,11,1,0,0,0,0,0
2014/08/29,06,10,1,0,0,0,0,0
2014/08/29,07,13,1,0,0,0,0,0
2014/08/29,08,15,1,0,0,0,0,0
2014/08/29,09,25,3,0,0,0,0,0
2014/08/29,10,51,8,0,0,0,0,0
2014/08/29,11,73,17,0,0,0,0,0
2014/08/29,12,80,22,0,0,0,0,0
2014/08/29,13,84,25,0,0,0,0,0
2014/08/29,14,82,25,0,0,0,0,0
2014/08/29,15,83,26,0,0,0,0,0
2014/08/29,16,85,26,0,0,0,0,0
2014/08/29,17,88,26,0,0,0,0,0
2014/08/29,18,91,25,0,0,0,0,0
2014/08/29,19,89,24,0,0,0,0,0
2014/08/29,20,90,24,0,0,0,0,0
2014/08/29,21,89,23,0,0,0,0,0
2014/08/29,22,90,22,0,0,0,0,0
2014/08/29,23,82,21,0,0,0,0,0
2014/08/29,24,64,15,0,0,0,0,0
2014/08/30,01,29,3,0,0,0,0,0
2014/08/30,02,18,1,0,0,0,0,0
2014/08/30,03,16,1,0,0,0,0,0
2014/08/30,04,12,1,0,0,0,0,0
2014/08/30,05,11,1,0,0,0,0,0
2014/08/30,06,11,1,0,0,0,0,0
2014/08/30,07,13,1,0,0,0,0,0
2014/08/30,08,16,1,0,0,0,0,0
2014/08/30,09,27,4,0,0,0,0,0
2014/08/30,10,56,11,0,0,0,0,0
2014/08/30,11,71,16,0,0,0,0,0
2014/08/30,12,80,22,0,0,0,0,0
2014/08/30,13,84,24,0,0,0,0,0
2014/08/30,14,83,24,0,0,0,0,0
2014/08/30,15,88,27,0,0,0,0,0
2014/08/30,16,87,26,0,0,0,0,0
2014/08/30,17,90,27,0,0,0,0,0
2014/08/30,18,90,24,0,0,0,0,0
2014/08/30,19,87,22,0,0,0,0,0
2014/08/30,20,91,23,0,0,0,0,0
2014/08/30,21,88,21,0,0,0,0,0
2014/08/30,22,89,22,0,0,0,0,0
2014/08/30,23,82,22,0,0,0,0,0
2014/08/30,24,82,21,0,0,0,0,0
2014/08/31,01,72,18,0,0,0,0,0
2014/08/31,02,19,1,0,0,0,0,0
2014/08/31,03,18,1,0,0,0,0,0
2014/08/31,04,13,1,0,0,0,0,0
2014/08/31,05,11,1,0,0,0,0,0
2014/08/31,06,11,1,0,0,0,0,0
2014/08/31,07,12,1,0,0,0,0,0
2014/08/31,08,12,1,0,0,0,0,0
2014/08/31,09,37,5,0,0,0,0,0
2014/08/31,10,55,12,0,0,0,0,0
2014/08/31,11,72,18,0,0,0,0,0
2014/08/31,12,84,22,0,0,0,0,0
2014/08/31,13,84,24,0,0,0,0,0
2014/08/31,14,88,27,0,0,0,0,0
2014/08/31,15,88,28,0,0,0,0,0
2014/08/31,16,90,29,0,0,0,0,0
2014/08/31,17,92,29,0,0,0,0,0
2014/08/31,18,93,26,0,0,0,0,0
2014/08/31,19,93,25,0,0,0,0,0
2014/08/31,20,89,24,0,0,0,0,0
2014/08/31,21,89,22,0,0,0,0,0
2014/08/31,22,87,22,0,0,0,0,0
2014/08/31,23,80,21,0,0,0,0,0
2014/08/31,24,80,21,0,0,0,0,0
2014/09/01,01,78,20,0,0,0,0,0
2014/09/01,02,20,1,0,0,0,0,0
2014/09/01,03,14,1,0,0,0,0,0
2014/09/01,04,12,1,0,0,0,0,0
2014/09/01,05,12,1,0,0,0,0,0
2014/09/01,06,12,1,0,0,0,0,0
2014/09/01,07,14,1,0,0,0,0,0
2014/09/01,08,14,1,0,0,0,0,0
2014/09/01,09,26,4,0,0,0,0,0
2014/09/01,10,55,11,0,0,0,0,0
2014/09/01,11,68,16,0,0,0,0,0
2014/09/01,12,79,21,0,0,0,0,0
2014/09/01,13,84,22,0,0,0,0,0
2014/09/01,14,81,21,0,0,0,0,0
2014/09/01,15,83,24,0,0,0,0,0
2014/09/01,16,82,22,0,0,0,0,0
2014/09/01,17,87,23,0,0,0,0,0
2014/09/01,18,89,24,0,0,0,0,0
2014/09/01,19,86,21,0,0,0,0,0
2014/09/01,20,88,22,0,0,0,0,0
2014/09/01,21,85,20,0,0,0,0,0
2014/09/01,22,82,19,0,0,0,0,0
2014/09/01,23,77,18,0,0,0,0,0
2014/09/01,24,78,18,0,0,0,0,0
2014/09/02,01,24,2,0,0,0,0,0
2014/09/02,02,17,1,0,0,0,0,0
2014/09/02,03,13,1,0,0,0,0,0
2014/09/02,04,10,1,0,0,0,0,0
2014/09/02,05,11,1,0,0,0,0,0
2014/09/02,06,11,1,0,0,0,0,0
2014/09/02,07,12,1,0,0,0,0,0
2014/09/02,08,12,1,0,0,0,0,0
2014/09/02,09,28,5,0,0,0,0,0
2014/09/02,10,52,9,0,0,0,0,0
2014/09/02,11,74,23,0,0,0,0,0
2014/09/02,12,87,27,0,0,0,0,0
2014/09/02,13,92,31,0,0,0,0,0
2014/09/02,14,93,31,0,0,0,0,0
2014/09/02,15,95,34,0,0,0,0,0
2014/09/02,16,99,33,0,0,0,0,0
2014/09/02,17,97,31,0,0,0,0,0
2014/09/02,18,95,28,0,0,0,0,0
2014/09/02,19,92,25,0,0,0,0,0
2014/09/02,20,91,25,0,0,0,0,0
2014/09/02,21,88,23,0,0,0,0,0
2014/09/02,22,87,23,0,0,0,0,0
2014/09/02,23,78,20,0,0,0,0,0
2014/09/02,24,80,21,0,0,0,0,0
2014/09/03,01,23,2,0,0,0,0,0
2014/09/03,02,15,1,0,0,0,0,0
2014/09/03,03,13,1,0,0,0,0,0
2014/09/03,04,11,1,0,0,0,0,0
2014/09/03,05,12,1,0,0,0,0,0
2014/09/03,06,11,1,0,0,0,0,0
2014/09/03,07,13,1,0,0,0,0,0
2014/09/03,08,13,1,0,0,0,0,0
2014/09/03,09,29,6,0,0,0,0,0
2014/09/03,10,55,11,0,0,0,0,0
2014/09/03,11,71,20,0,0,0,0,0
2014/09/03,12,83,24,0,0,0,0,0
2014/09/03,13,88,26,0,0,0,0,0
2014/09/03,14,89,27,0,0,0,0,0
2014/09/03,15,86,26,0,0,0,0,0
2014/09/03,16,88,27,0,0,0,0,0
2014/09/03,17,88,26,0,0,0,0,0
2014/09/03,18,93,26,0,0,0,0,0
2014/09/03,19,90,24,0,0,0,0,0
2014/09/03,20,91,24,0,0,0,0,0
2014/09/03,21,89,23,0,0,0,0,0
2014/09/03,22,87,22,0,0,0,0,0
2014/09/03,23,80,20,0,0,0,0,0
2014/09/03,24,63,12,0,0,0,0,0
2014/09/04,01,26,3,0,0,0,0,0
2014/09/04,02,15,1,0,0,0,0,0
2014/09/04,03,13,1,0,0,0,0,0
2014/09/04,04,11,1,0,0,0,0,0
2014/09/04,05,11,1,0,0,0,0,0
2014/09/04,06,11,1,0,0,0,0,0
2014/09/04,07,12,1,0,0,0,0,0
2014/09/04,08,13,1,0,0,0,0,0
2014/09/04,09,28,6,0,0,0,0,0
2014/09/04,10,59,14,0,0,0,0,0
2014/09/04,11,75,24,0,0,0,0,0
2014/09/04,12,82,24,0,0,0,0,0
2014/09/04,13,88,28,0,0,0,0,0
2014/09/04,14,90,31,0,0,0,0,0
2014/09/04,15,89,31,0,0,0,0,0
2014/09/04,16,89,30,0,0,0,0,0
2014/09/04,17,94,30,0,0,0,0,0
2014/09/04,18,94,29,0,0,0,0,0
2014/09/04,19,93,28,0,0,0,0,0
2014/09/04,20,95,29,0,0,0,0,0
2014/09/04,21,94,28,0,0,0,0,0
2014/09/04,22,92,26,0,0,0,0,0
2014/09/04,23,86,25,0,0,0,0,0
2014/09/04,24,85,25,0,0,0,0,0
2014/09/05,01,29,4,0,0,0,0,0
2014/09/05,02,16,1,0,0,0,0,0
2014/09/05,03,12,1,0,0,0,0,0
2014/09/05,04,11,1,0,0,0,0,0
2014/09/05,05,12,1,0,0,0,0,0
2014/09/05,06,11,1,0,0,0,0,0
2014/09/05,07,14,1,0,0,0,0,0
2014/09/05,08,13,1,0,0,0,0,0
2014/09/05,09,34,9,0,0,0,0,0
2014/09/05,10,61,16,0,0,0,0,0
2014/09/05,11,91,31,0,0,0,0,0
2014/09/05,12,98,35,0,0,0,0,0
2014/09/05,13,103,38,0,0,0,0,0
2014/09/05,14,100,38,0,0,0,0,0
2014/09/05,15,101,39,0,0,0,0,0
2014/09/05,16,105,41,0,0,0,0,0
2014/09/05,17,108,40,0,0,0,0,0
2014/09/05,18,111,38,0,0,0,0,0
2014/09/05,19,106,36,0,0,0,0,0
2014/09/05,20,109,37,0,0,0,0,0
2014/09/05,21,106,35,0,0,0,0,0
2014/09/05,22,105,35,0,0,0,0,0
2014/09/05,23,96,32,0,0,0,0,0
2014/09/05,24,73,25,0,0,0,0,0
2014/09/06,01,30,5,0,0,0,0,0
2014/09/06,02,19,1,0,0,0,0,0
2014/09/06,03,15,1,0,0,0,0,0
2014/09/06,04,14,1,0,0,0,0,0
2014/09/06,05,13,1,0,0,0,0,0
2014/09/06,06,13,1,0,0,0,0,0
2014/09/06,07,16,1,0,0,0,0,0
2014/09/06,08,18,1,0,0,0,0,0
2014/09/06,09,39,10,0,0,0,0,0
2014/09/06,10,65,19,0,0,0,0,0
2014/09/06,11,93,32,0,0,0,0,0
2014/09/06,12,103,38,0,0,0,0,0
2014/09/06,13,107,41,0,0,0,0,0
2014/09/06,14,109,41,0,0,0,0,0
2014/09/06,15,109,43,0,0,0,0,0
2014/09/06,16,107,40,0,0,0,0,0
2014/09/06,17,112,40,0,0,0,0,0
2014/09/06,18,115,39,0,0,0,0,0
2014/09/06,19,107,36,0,0,0,0,0
2014/09/06,20,107,35,0,0,0,0,0
2014/09/06,21,107,34,0,0,0,0,0
2014/09/06,22,106,34,0,0,0,0,0
2014/09/06,23,92,29,0,0,0,0,0
2014/09/06,24,57,19,0,0,0,0,0
2014/09/07,01,26,2,0,0,0,0,0
2014/09/07,02,19,1,0,0,0,0,0
2014/09/07,03,14,1,0,0,0,0,0
2014/09/07,04,11,1,0,0,0,0,0
2014/09/07,05,12,1,0,0,0,0,0
2014/09/07,06,11,1,0,0,0,0,0
2014/09/07,07,13,1,0,0,0,0,0
2014/09/07,08,13,1,0,0,0,0,0
2014/09/07,09,18,1,0,0,0,0,0
2014/09/07,10,67,16,0,0,0,0,0
2014/09/07,11,65,15,0,0,0,0,0
2014/09/07,12,78,17,0,0,0,0,0
2014/09/07,13,78,19,0,0,0,0,0
2014/09/07,14,80,20,0,0,0,0,0
2014/09/07,15,82,22,0,0,0,0,0
2014/09/07,16,84,24,0,0,0,0,0
2014/09/07,17,83,23,0,0,0,0,0
2014/09/07,18,90,23,0,0,0,0,0
2014/09/07,19,89,23,0,0,0,0,0
2014/09/07,20,89,23,0,0,0,0,0
2014/09/07,21,86,22,0,0,0,0,0
2014/09/07,22,86,21,0,0,0,0,0
2014/09/07,23,78,19,0,0,0,0,0
2014/09/07,24,80,20,0,0,0,0,0
2014/09/08,01,76,18,0,0,0,0,0
2014/09/08,02,50,11,0,0,0,0,0
2014/09/08,03,12,1,0,0,0,0,0
2014/09/08,04,11,1,0,0,0,0,0
2014/09/08,05,11,1,0,0,0,0,0
2014/09/08,06,12,1,0,0,0,0,0
2014/09/08,07,13,1,0,0,0,0,0
2014/09/08,08,13,1,0,0,0,0,0
2014/09/08,09,33,5,0,0,0,0,0
2014/09/08,10,60,13,0,0,0,0,0
2014/09/08,11,65,16,0,0,0,0,0
2014/09/08,12,76,20,0,0,0,0,0
2014/09/08,13,83,22,0,0,0,0,0
2014/09/08,14,80,23,0,0,0,0,0
2014/09/08,15,80,23,0,0,0,0,0
2014/09/08,16,79,23,0,0,0,0,0
2014/09/08,17,85,23,0,0,0,0,0
2014/09/08,18,88,24,0,0,0,0,0
2014/09/08,19,85,22,0,0,0,0,0
2014/09/08,20,86,23,0,0,0,0,0
2014/09/08,21,86,23,0,0,0,0,0
2014/09/08,22,82,20,0,0,0,0,0
2014/09/08,23,76,19,0,0,0,0,0
2014/09/08,24,65,17,0,0,0,0,0
2014/09/09,01,26,3,0,0,0,0,0
2014/09/09,02,16,1,0,0,0,0,0
2014/09/09,03,12,1,0,0,0,0,0
2014/09/09,04,10,1,0,0,0,0,0
2014/09/09,05,10,1,0,0,0,0,0
2014/09/09,06,10,1,0,0,0,0,0
2014/09/09,07,12,1,0,0,0,0,0
2014/09/09,08,12,1,0,0,0,0,0
2014/09/09,09,23,3,0,0,0,0,0
2014/09/09,10,55,11,0,0,0,0,0
2014/09/09,11,67,19,0,0,0,0,0
2014/09/09,12,81,24,0,0,0,0,0
2014/09/09,13,86,26,0,0,0,0,0
2014/09/09,14,85,27,0,0,0,0,0
2014/09/09,15,87,29,0,0,0,0,0
2014/09/09,16,87,28,0,0,0,0,0
2014/09/09,17,88,26,0,0,0,0,0
2014/09/09,18,90,24,0,0,0,0,0
2014/09/09,19,87,23,0,0,0,0,0
2014/09/09,20,88,23,0,0,0,0,0
2014/09/09,21,87,22,0,0,0,0,0
2014/09/09,22,86,22,0,0,0,0,0
2014/09/09,23,75,20,0,0,0,0,0
2014/09/09,24,65,18,0,0,0,0,0
2014/09/10,01,22,2,0,0,0,0,0
2014/09/10,02,16,1,0,0,0,0,0
2014/09/10,03,15,1,0,0,0,0,0
2014/09/10,04,13,1,0,0,0,0,0
2014/09/10,05,11,1,0,0,0,0,0
2014/09/10,06,11,1,0,0,0,0,0
2014/09/10,07,13,1,0,0,0,0,0
2014/09/10,08,13,1,0,0,0,0,0
2014/09/10,09,30,6,0,0,0,0,0
2014/09/10,10,56,10,0,0,0,0,0
2014/09/10,11,70,19,0,0,0,0,0
2014/09/10,12,79,22,0,0,0,0,0
2014/09/10,13,86,27,0,0,0,0,0
2014/09/10,14,87,28,0,0,0,0,0
2014/09/10,15,88,30,0,0,0,0,0
2014/09/10,16,89,30,0,0,0,0,0
2014/09/10,17,91,28,0,0,0,0,0
2014/09/10,18,87,23,0,0,0,0,0
2014/09/10,19,80,18,0,0,0,0,0
2014/09/10,20,81,17,0,0,0,0,0
2014/09/10,21,88,22,0,0,0,0,0
2014/09/10,22,88,23,0,0,0,0,0
2014/09/10,23,80,21,0,0,0,0,0
2014/09/10,24,74,18,0,0,0,0,0
2014/09/11,01,21,1,0,0,0,0,0
2014/09/11,02,17,1,0,0,0,0,0
2014/09/11,03,13,1,0,0,0,0,0
2014/09/11,04,11,1,0,0,0,0,0
2014/09/11,05,10,1,0,0,0,0,0
2014/09/11,06,11,1,0,0,0,0,0
2014/09/11,07,12,1,0,0,0,0,0
2014/09/11,08,12,1,0,0,0,0,0
2014/09/11,09,27,5,0,0,0,0,0
2014/09/11,10,51,10,0,0,0,0,0
2014/09/11,11,63,14,0,0,0,0,0
2014/09/11,12,72,17,0,0,0,0,0
2014/09/11,13,76,17,0,0,0,0,0
2014/09/11,14,75,18,0,0,0,0,0
2014/09/11,15,77,18,0,0,0,0,0
2014/09/11,16,79,20,0,0,0,0,0
2014/09/11,17,83,21,0,0,0,0,0
2014/09/11,18,86,20,0,0,0,0,0
2014/09/11,19,84,20,0,0,0,0,0
2014/09/11,20,86,21,0,0,0,0,0
2014/09/11,21,85,21,0,0,0,0,0
2014/09/11,22,83,19,0,0,0,0,0
2014/09/11,23,74,17,0,0,0,0,0
2014/09/11,24,55,12,0,0,0,0,0
2014/09/12,01,21,3,0,0,0,0,0
2014/09/12,02,16,1,0,0,0,0,0
2014/09/12,03,13,1,0,0,0,0,0
2014/09/12,04,12,1,0,0,0,0,0
2014/09/12,05,12,1,0,0,0,0,0
2014/09/12,06,12,1,0,0,0,0,0
2014/09/12,07,13,1,0,0,0,0,0
2014/09/12,08,13,1,0,0,0,0,0
2014/09/12,09,27,4,0,0,0,0,0
2014/09/12,10,55,10,0,0,0,0,0
2014/09/12,11,67,17,0,0,0,0,0
2014/09/12,12,79,23,0,0,0,0,0
2014/09/12,13,84,25,0,0,0,0,0
2014/09/12,14,88,28,0,0,0,0,0
2014/09/12,15,88,28,0,0,0,0,0
2014/09/12,16,88,27,0,0,0,0,0
2014/09/12,17,86,26,0,0,0,0,0
2014/09/12,18,90,25,0,0,0,0,0
2014/09/12,19,89,23,0,0,0,0,0
2014/09/12,20,88,22,0,0,0,0,0
2014/09/12,21,87,22,0,0,0,0,0
2014/09/12,22,86,21,0,0,0,0,0
2014/09/12,23,78,19,0,0,0,0,0
2014/09/12,24,66,16,0,0,0,0,0
2014/09/13,01,22,1,0,0,0,0,0
2014/09/13,02,20,1,0,0,0,0,0
2014/09/13,03,17,1,0,0,0,0,0
2014/09/13,04,13,1,0,0,0,0,0
2014/09/13,05,11,1,0,0,0,0,0
2014/09/13,06,11,1,0,0,0,0,0
2014/09/13,07,13,1,0,0,0,0,0
2014/09/13,08,14,1,0,0,0,0,0
2014/09/13,09,27,4,0,0,0,0,0
2014/09/13,10,53,9,0,0,0,0,0
2014/09/13,11,66,17,0,0,0,0,0
2014/09/13,12,79,22,0,0,0,0,0
2014/09/13,13,88,26,0,0,0,0,0
2014/09/13,14,90,29,0,0,0,0,0
2014/09/13,15,91,29,0,0,0,0,0
2014/09/13,16,89,27,0,0,0,0,0
2014/09/13,17,93,28,0,0,0,0,0
2014/09/13,18,93,25,0,0,0,0,0
2014/09/13,19,90,25,0,0,0,0,0
2014/09/13,20,89,22,0,0,0,0,0
2014/09/13,21,87,21,0,0,0,0,0
2014/09/13,22,86,21,0,0,0,0,0
2014/09/13,23,77,19,0,0,0,0,0
2014/09/13,24,50,12,0,0,0,0,0
2014/09/14,01,26,1,0,0,0,0,0
2014/09/14,02,18,1,0,0,0,0,0
2014/09/14,03,16,1,0,0,0,0,0
2014/09/14,04,14,1,0,0,0,0,0
2014/09/14,05,10,1,0,0,0,0,0
2014/09/14,06,10,1,0,0,0,0,0
2014/09/14,07,12,1,0,0,0,0,0
2014/09/14,08,12,1,0,0,0,0,0
2014/09/14,09,16,1,0,0,0,0,0
2014/09/14,10,53,10,0,0,0,0,0
2014/09/14,11,67,18,0,0,0,0,0
2014/09/14,12,86,23,0,0,0,0,0
2014/09/14,13,88,24,0,0,0,0,0
2014/09/14,14,92,27,0,0,0,0,0
2014/09/14,15,94,31,0,0,0,0,0
2014/09/14,16,94,31,0,0,0,0,0
2014/09/14,17,93,30,0,0,0,0,0
2014/09/14,18,92,28,0,0,0,0,0
2014/09/14,19,95,26,0,0,0,0,0
2014/09/14,20,95,25,0,0,0,0,0
2014/09/14,21,91,22,0,0,0,0,0
2014/09/14,22,91,23,0,0,0,0,0
2014/09/14,23,79,19,0,0,0,0,0
2014/09/14,24,63,14,0,0,0,0,0
2014/09/15,01,21,2,0,0,0,0,0
2014/09/15,02,13,1,0,0,0,0,0
2014/09/15,03,12,1,0,0,0,0,0
2014/09/15,04,11,1,0,0,0,0,0
2014/09/15,05,12,1,0,0,0,0,0
2014/09/15,06,12,1,0,0,0,0,0
2014/09/15,07,13,1,0,0,0,0,0
2014/09/15,08,13,1,0,0,0,0,0
2014/09/15,09,24,4,0,0,0,0,0
2014/09/15,10,55,9,0,0,0,0,0
2014/09/15,11,76,19,0,0,0,0,0
2014/09/15,12,84,24,0,0,0,0,0
2014/09/15,13,85,24,0,0,0,0,0
2014/09/15,14,88,28,0,0,0,0,0
2014/09/15,15,90,29,0,0,0,0,0
2014/09/15,16,88,28,0,0,0,0,0
2014/09/15,17,92,27,0,0,0,0,0
2014/09/15,18,96,28,0,0,0,0,0
2014/09/15,19,93,27,0,0,0,0,0
2014/09/15,20,94,26,0,0,0,0,0
2014/09/15,21,93,25,0,0,0,0,0
2014/09/15,22,91,24,0,0,0,0,0
2014/09/15,23,80,21,0,0,0,0,0
2014/09/15,24,63,15,0,0,0,0,0
2014/09/16,01,22,2,0,0,0,0,0
2014/09/16,02,17,1,0,0,0,0,0
2014/09/16,03,13,1,0,0,0,0,0
2014/09/16,04,11,1,0,0,0,0,0
2014/09/16,05,11,1,0,0,0,0,0
2014/09/16,06,11,1,0,0,0,0,0
2014/09/16,07,13,1,0,0,0,0,0
2014/09/16,08,13,1,0,0,0,0,0
2014/09/16,09,29,6,0,0,0,0,0
2014/09/16,10,66,15,0,0,0,0,0
2014/09/16,11,73,22,0,0,0,0,0
2014/09/16,12,88,26,0,0,0,0,0
2014/09/16,13,99,34,0,0,0,0,0
2014/09/16,14,95,32,0,0,0,0,0
2014/09/16,15,96,34,0,0,0,0,0
2014/09/16,16,97,33,0,0,0,0,0
2014/09/16,17,101,33,0,0,0,0,0
2014/09/16,18,100,30,0,0,0,0,0
2014/09/16,19,98,31,0,0,0,0,0
2014/09/16,20,97,29,0,0,0,0,0
2014/09/16,21,97,30,0,0,0,0,0
2014/09/16,22,95,28,0,0,0,0,0
2014/09/16,23,82,25,0,0,0,0,0
2014/09/16,24,64,15,0,0,0,0,0
2014/09/17,01,21,1,0,0,0,0,0
2014/09/17,02,17,1,0,0,0,0,0
2014/09/17,03,16,1,0,0,0,0,0
2014/09/17,04,12,1,0,0,0,0,0
2014/09/17,05,10,1,0,0,0,0,0
2014/09/17,06,10,1,0,0,0,0,0
2014/09/17,07,12,1,0,0,0,0,0
2014/09/17,08,12,1,0,0,0,0,0
2014/09/17,09,35,8,0,0,0,0,0
2014/09/17,10,58,14,0,0,0,0,0
2014/09/17,11,72,21,0,0,0,0,0
2014/09/17,12,81,24,0,0,0,0,0
2014/09/17,13,85,26,0,0,0,0,0
2014/09/17,14,84,25,0,0,0,0,0
2014/09/17,15,83,25,0,0,0,0,0
2014/09/17,16,84,25,0,0,0,0,0
2014/09/17,17,85,24,0,0,0,0,0
2014/09/17,18,88,22,0,0,0,0,0
2014/09/17,19,86,22,0,0,0,0,0
2014/09/17,20,86,21,0,0,0,0,0
2014/09/17,21,86,22,0,0,0,0,0
2014/09/17,22,85,22,0,0,0,0,0
2014/09/17,23,76,20,0,0,0,0,0
2014/09/17,24,63,17,0,0,0,0,0
2014/09/18,01,22,3,0,0,0,0,0
2014/09/18,02,15,1,0,0,0,0,0
2014/09/18,03,13,1,0,0,0,0,0
2014/09/18,04,11,1,0,0,0,0,0
2014/09/18,05,10,1,0,0,0,0,0
2014/09/18,06,10,1,0,0,0,0,0
2014/09/18,07,12,1,0,0,0,0,0
2014/09/18,08,14,1,0,0,0,0,0
2014/09/18,09,31,4,0,0,0,0,0
2014/09/18,10,53,9,0,0,0,0,0
2014/09/18,11,65,15,0,0,0,0,0
2014/09/18,12,77,21,0,0,0,0,0
2014/09/18,13,80,22,0,0,0,0,0
2014/09/18,14,79,23,0,0,0,0,0
2014/09/18,15,81,24,0,0,0,0,0
2014/09/18,16,83,24,0,0,0,0,0
2014/09/18,17,83,22,0,0,0,0,0
2014/09/18,18,84,20,0,0,0,0,0
2014/09/18,19,84,20,0,0,0,0,0
2014/09/18,20,83,18,0,0,0,0,0
2014/09/18,21,81,18,0,0,0,0,0
2014/09/18,22,83,19,0,0,0,0,0
2014/09/18,23,75,18,0,0,0,0,0
2014/09/18,24,64,16,0,0,0,0,0
2014/09/19,01,21,1,0,0,0,0,0
2014/09/19,02,16,1,0,0,0,0,0
2014/09/19,03,12,1,0,0,0,0,0
2014/09/19,04,10,1,0,0,0,0,0
2014/09/19,05,10,1,0,0,0,0,0
2014/09/19,06,10,1,0,0,0,0,0
2014/09/19,07,11,1,0,0,0,0,0
2014/09/19,08,14,1,0,0,0,0,0
2014/09/19,09,28,4,0,0,0,0,0
2014/09/19,10,55,9,0,0,0,0,0
2014/09/19,11,63,14,0,0,0,0,0
2014/09/19,12,74,19,0,0,0,0,0
2014/09/19,13,79,20,0,0,0,0,0
2014/09/19,14,79,22,0,0,0,0,0
2014/09/19,15,81,23,0,0,0,0,0
2014/09/19,16,81,23,0,0,0,0,0
2014/09/19,17,84,23,0,0,0,0,0
2014/09/19,18,86,21,0,0,0,0,0
2014/09/19,19,89,22,0,0,0,0,0
2014/09/19,20,86,21,0,0,0,0,0
2014/09/19,21,85,21,0,0,0,0,0
2014/09/19,22,86,21,0,0,0,0,0
2014/09/19,23,77,19,0,0,0,0,0
2014/09/19,24,58,14,0,0,0,0,0
2014/09/20,01,22,1,0,0,0,0,0
2014/09/20,02,20,1,0,0,0,0,0
2014/09/20,03,16,1,0,0,0,0,0
2014/09/20,04,13,1,0,0,0,0,0
2014/09/20,05,11,1,0,0,0,0,0
2014/09/20,06,11,1,0,0,0,0,0
2014/09/20,07,13,1,0,0,0,0,0
2014/09/20,08,15,1,0,0,0,0,0
2014/09/20,09,27,3,0,0,0,0,0
2014/09/20,10,52,8,0,0,0,0,0
2014/09/20,11,66,12,0,0,0,0,0
2014/09/20,12,72,14,0,0,0,0,0
2014/09/20,13,73,16,0,0,0,0,0
2014/09/20,14,76,19,0,0,0,0,0
2014/09/20,15,78,19,0,0,0,0,0
2014/09/20,16,79,20,0,0,0,0,0
2014/09/20,17,83,21,0,0,0,0,0
2014/09/20,18,85,18,0,0,0,0,0
2014/09/20,19,86,21,0,0,0,0,0
2014/09/20,20,86,19,0,0,0,0,0
2014/09/20,21,85,19,0,0,0,0,0
2014/09/20,22,82,17,0,0,0,0,0
2014/09/20,23,74,17,0,0,0,0,0
2014/09/20,24,60,12,0,0,0,0,0
2014/09/21,01,23,2,0,0,0,0,0
2014/09/21,02,19,1,0,0,0,0,0
2014/09/21,03,19,1,0,0,0,0,0
2014/09/21,04,13,1,0,0,0,0,0
2014/09/21,05,11,1,0,0,0,0,0
2014/09/21,06,10,1,0,0,0,0,0
2014/09/21,07,11,1,0,0,0,0,0
2014/09/21,08,11,1,0,0,0,0,0
2014/09/21,09,30,3,0,0,0,0,0
2014/09/21,10,52,7,0,0,0,0,0
2014/09/21,11,63,15,0,0,0,0,0
2014/09/21,12,78,20,0,0,0,0,0
2014/09/21,13,85,24,0,0,0,0,0
2014/09/21,14,86,25,0,0,0,0,0
2014/09/21,15,87,25,0,0,0,0,0
2014/09/21,16,88,26,0,0,0,0,0
2014/09/21,17,83,24,0,0,0,0,0
2014/09/21,18,88,23,0,0,0,0,0
2014/09/21,19,86,20,0,0,0,0,0
2014/09/21,20,89,22,0,0,0,0,0
2014/09/21,21,88,20,0,0,0,0,0
2014/09/21,22,86,19,0,0,0,0,0
2014/09/21,23,77,18,0,0,0,0,0
2014/09/21,24,74,19,0,0,0,0,0
2014/09/22,01,72,17,0,0,0,0,0
2014/09/22,02,66,15,0,0,0,0,0
2014/09/22,03,43,9,0,0,0,0,0
2014/09/22,04,10,1,0,0,0,0,0
2014/09/22,05,11,1,0,0,0,0,0
2014/09/22,06,11,1,0,0,0,0,0
2014/09/22,07,12,1,0,0,0,0,0
2014/09/22,08,12,1,0,0,0,0,0
2014/09/22,09,30,4,0,0,0,0,0
2014/09/22,10,54,10,0,0,0,0,0
2014/09/22,11,68,18,0,0,0,0,0
2014/09/22,12,80,23,0,0,0,0,0
2014/09/22,13,87,26,0,0,0,0,0
2014/09/22,14,88,27,0,0,0,0,0
2014/09/22,15,85,26,0,0,0,0,0
2014/09/22,16,86,26,0,0,0,0,0
2014/09/22,17,86,25,0,0,0,0,0
2014/09/22,18,89,23,0,0,0,0,0
2014/09/22,19,86,21,0,0,0,0,0
2014/09/22,20,85,20,0,0,0,0,0
2014/09/22,21,84,19,0,0,0,0,0
2014/09/22,22,81,17,0,0,0,0,0
2014/09/22,23,75,16,0,0,0,0,0
2014/09/22,24,62,12,0,0,0,0,0
2014/09/23,01,38,3,0,0,0,0,0
2014/09/23,02,19,1,0,0,0,0,0
2014/09/23,03,15,1,0,0,0,0,0
2014/09/23,04,11,1,0,0,0,0,0
2014/09/23,05,11,1,0,0,0,0,0
2014/09/23,06,11,1,0,0,0,0,0
2014/09/23,07,12,1,0,0,0,0,0
2014/09/23,08,12,1,0,0,0,0,0
2014/09/23,09,26,3,0,0,0,0,0
2014/09/23,10,53,8,0,0,0,0,0
2014/09/23,11,69,14,0,0,0,0,0
2014/09/23,12,78,20,0,0,0,0,0
2014/09/23,13,85,24,0,0,0,0,0
2014/09/23,14,85,26,0,0,0,0,0
2014/09/23,15,87,26,0,0,0,0,0
2014/09/23,16,88,26,0,0,0,0,0
2014/09/23,17,87,24,0,0,0,0,0
2014/09/23,18,88,23,0,0,0,0,0
2014/09/23,19,86,19,0,0,0,0,0
2014/09/23,20,86,20,0,0,0,0,0
2014/09/23,21,85,20,0,0,0,0,0
2014/09/23,22,82,19,0,0,0,0,0
2014/09/23,23,76,18,0,0,0,0,0
2014/09/23,24,73,17,0,0,0,0,0
2014/09/24,01,22,2,0,0,0,0,0
2014/09/24,02,14,1,0,0,0,0,0
2014/09/24,03,10,1,0,0,0,0,0
2014/09/24,04,10,1,0,0,0,0,0
2014/09/24,05,10,1,0,0,0,0,0
2014/09/24,06,11,1,0,0,0,0,0
2014/09/24,07,12,1,0,0,0,0,0
2014/09/24,08,12,1,0,0,0,0,0
2014/09/24,09,30,5,0,0,0,0,0
2014/09/24,10,58,10,0,0,0,0,0
2014/09/24,11,68,17,0,0,0,0,0
2014/09/24,12,77,20,0,0,0,0,0
2014/09/24,13,82,22,0,0,0,0,0
2014/09/24,14,80,24,0,0,0,0,0
2014/09/24,15,78,22,0,0,0,0,0
2014/09/24,16,77,21,0,0,0,0,0
2014/09/24,17,79,21,0,0,0,0,0
2014/09/24,18,81,19,0,0,0,0,0
2014/09/24,19,84,21,0,0,0,0,0
2014/09/24,20,86,20,0,0,0,0,0
2014/09/24,21,87,21,0,0,0,0,0
2014/09/24,22,86,21,0,0,0,0,0
2014/09/24,23,77,20,0,0,0,0,0
2014/09/24,24,57,15,0,0,0,0,0
2014/09/25,01,19,1,0,0,0,0,0
2014/09/25,02,14,1,0,0,0,0,0
2014/09/25,03,13,1,0,0,0,0,0
2014/09/25,04,11,1,0,0,0,0,0
2014/09/25,05,11,1,0,0,0,0,0
2014/09/25,06,12,1,0,0,0,0,0
2014/09/25,07,13,1,0,0,0,0,0
2014/09/25,08,13,1,0,0,0,0,0
2014/09/25,09,29,4,0,0,0,0,0
2014/09/25,10,54,9,0,0,0,0,0
2014/09/25,11,67,17,0,0,0,0,0
2014/09/25,12,76,20,0,0,0,0,0
2014/09/25,13,82,24,0,0,0,0,0
2014/09/25,14,88,29,0,0,0,0,0
2014/09/25,15,93,30,0,0,0,0,0
2014/09/25,16,88,28,0,0,0,0,0
2014/09/25,17,92,29,0,0,0,0,0
2014/09/25,18,90,26,0,0,0,0,0
2014/09/25,19,90,26,0,0,0,0,0
2014/09/25,20,92,26,0,0,0,0,0
2014/09/25,21,90,24,0,0,0,0,0
2014/09/25,22,89,23,0,0,0,0,0
2014/09/25,23,77,21,0,0,0,0,0
2014/09/25,24,62,13,0,0,0,0,0
2014/09/26,01,26,1,0,0,0,0,0
2014/09/26,02,14,1,0,0,0,0,0
2014/09/26,03,12,1,0,0,0,0,0
2014/09/26,04,11,1,0,0,0,0,0
2014/09/26,05,11,1,0,0,0,0,0
2014/09/26,06,11,1,0,0,0,0,0
2014/09/26,07,12,1,0,0,0,0,0
2014/09/26,08,12,1,0,0,0,0,0
2014/09/26,09,30,5,0,0,0,0,0
2014/09/26,10,54,10,0,0,0,0,0
2014/09/26,11,72,21,0,0,0,0,0
2014/09/26,12,84,24,0,0,0,0,0
2014/09/26,13,87,28,0,0,0,0,0
2014/09/26,14,89,29,0,0,0,0,0
2014/09/26,15,88,27,0,0,0,0,0
2014/09/26,16,85,25,0,0,0,0,0
2014/09/26,17,83,23,0,0,0,0,0
2014/09/26,18,87,20,0,0,0,0,0
2014/09/26,19,86,21,0,0,0,0,0
2014/09/26,20,84,19,0,0,0,0,0
2014/09/26,21,82,19,0,0,0,0,0
2014/09/26,22,82,18,0,0,0,0,0
2014/09/26,23,73,15,0,0,0,0,0
2014/09/26,24,62,16,0,0,0,0,0
2014/09/27,01,21,2,0,0,0,0,0
2014/09/27,02,17,1,0,0,0,0,0
2014/09/27,03,16,1,0,0,0,0,0
2014/09/27,04,11,1,0,0,0,0,0
2014/09/27,05,11,1,0,0,0,0,0
2014/09/27,06,11,1,0,0,0,0,0
2014/09/27,07,12,1,0,0,0,0,0
2014/09/27,08,15,1,0,0,0,0,0
2014/09/27,09,28,3,0,0,0,0,0
2014/09/27,10,49,6,0,0,0,0,0
2014/09/27,11,62,12,0,0,0,0,0
2014/09/27,12,72,17,0,0,0,0,0
2014/09/27,13,75,18,0,0,0,0,0
2014/09/27,14,77,20,0,0,0,0,0
2014/09/27,15,79,21,0,0,0,0,0
2014/09/27,16,78,21,0,0,0,0,0
2014/09/27,17,82,21,0,0,0,0,0
2014/09/27,18,84,20,0,0,0,0,0
2014/09/27,19,82,17,0,0,0,0,0
2014/09/27,20,83,17,0,0,0,0,0
2014/09/27,21,82,17,0,0,0,0,0
2014/09/27,22,82,17,0,0,0,0,0
2014/09/27,23,72,15,0,0,0,0,0
2014/09/27,24,58,10,0,0,0,0,0
2014/09/28,01,23,2,0,0,0,0,0
2014/09/28,02,18,1,0,0,0,0,0
2014/09/28,03,16,1,0,0,0,0,0
2014/09/28,04,14,1,0,0,0,0,0
2014/09/28,05,11,1,0,0,0,0,0
2014/09/28,06,11,1,0,0,0,0,0
2014/09/28,07,11,1,0,0,0,0,0
2014/09/28,08,12,1,0,0,0,0,0
2014/09/28,09,22,1,0,0,0,0,0
2014/09/28,10,50,4,0,0,0,0,0
2014/09/28,11,66,15,0,0,0,0,0
2014/09/28,12,81,22,0,0,0,0,0
2014/09/28,13,84,25,0,0,0,0,0
2014/09/28,14,87,27,0,0,0,0,0
2014/09/28,15,89,28,0,0,0,0,0
2014/09/28,16,88,27,0,0,0,0,0
2014/09/28,17,86,24,0,0,0,0,0
2014/09/28,18,89,23,0,0,0,0,0
2014/09/28,19,87,22,0,0,0,0,0
2014/09/28,20,85,20,0,0,0,0,0
2014/09/28,21,85,20,0,0,0,0,0
2014/09/28,22,82,19,0,0,0,0,0
2014/09/28,23,70,15,0,0,0,0,0
2014/09/28,24,58,11,0,0,0,0,0
2014/09/29,01,20,2,0,0,0,0,0
2014/09/29,02,13,1,0,0,0,0,0
2014/09/29,03,11,1,0,0,0,0,0
2014/09/29,04,11,1,0,0,0,0,0
2014/09/29,05,11,1,0,0,0,0,0
2014/09/29,06,11,1,0,0,0,0,0
2014/09/29,07,12,1,0,0,0,0,0
2014/09/29,08,12,1,0,0,0,0,0
2014/09/29,09,26,3,0,0,0,0,0
2014/09/29,10,51,8,0,0,0,0,0
2014/09/29,11,66,17,0,0,0,0,0
2014/09/29,12,80,23,0,0,0,0,0
2014/09/29,13,83,25,0,0,0,0,0
2014/09/29,14,83,25,0,0,0,0,0
2014/09/29,15,87,28,0,0,0,0,0
2014/09/29,16,88,28,0,0,0,0,0
2014/09/29,17,88,25,0,0,0,0,0
2014/09/29,18,86,22,0,0,0,0,0
2014/09/29,19,85,21,0,0,0,0,0
2014/09/29,20,84,21,0,0,0,0,0
2014/09/29,21,84,20,0,0,0,0,0
2014/09/29,22,85,21,0,0,0,0,0
2014/09/29,23,76,20,0,0,0,0,0
2014/09/29,24,59,15,0,0,0,0,0
2014/09/30,01,24,3,0,0,0,0,0
2014/09/30,02,17,1,0,0,0,0,0
2014/09/30,03,16,1,0,0,0,0,0
2014/09/30,04,12,1,0,0,0,0,0
2014/09/30,05,11,1,0,0,0,0,0
2014/09/30,06,11,1,0,0,0,0,0
2014/09/30,07,12,1,0,0,0,0,0
2014/09/30,08,13,1,0,0,0,0,0
2014/09/30,09,31,5,0,0,0,0,0
2014/09/30,10,60,12,0,0,0,0,0
2014/09/30,11,70,19,0,0,0,0,0
2014/09/30,12,82,26,0,0,0,0,0
2014/09/30,13,88,28,0,0,0,0,0
2014/09/30,14,90,30,0,0,0,0,0
2014/09/30,15,95,30,0,0,0,0,0
2014/09/30,16,93,29,0,0,0,0,0
2014/09/30,17,95,29,0,0,0,0,0
2014/09/30,18,94,26,0,0,0,0,0
2014/09/30,19,93,26,0,0,0,0,0
2014/09/30,20,95,27,0,0,0,0,0
2014/09/30,21,93,26,0,0,0,0,0
2014/09/30,22,90,25,0,0,0,0,0
2014/09/30,23,80,22,0,0,0,0,0
2014/09/30,24,62,15,0,0,0,0,0
2014/10/01,01,22,1,0,0,0,0,0
2014/10/01,02,17,1,0,0,0,0,0
2014/10/01,03,14,1,0,0,0,0,0
2014/10/01,04,12,1,0,0,0,0,0
2014/10/01,05,12,1,0,0,0,0,0
2014/10/01,06,12,1,0,0,0,0,0
2014/10/01,07,13,1,0,0,0,0,0
2014/10/01,08,14,1,0,0,0,0,0
2014/10/01,09,30,5,0,0,0,0,0
2014/10/01,10,57,10,0,0,0,0,0
2014/10/01,11,64,13,0,0,0,0,0
2014/10/01,12,72,17,0,0,0,0,0
2014/10/01,13,76,19,0,0,0,0,0
2014/10/01,14,77,18,0,0,0,0,0
2014/10/01,15,78,18,0,0,0,0,0
2014/10/01,16,80,19,0,0,0,0,0
2014/10/01,17,82,19,0,0,0,0,0
2014/10/01,18,82,17,0,0,0,0,0
2014/10/01,19,81,17,0,0,0,0,0
2014/10/01,20,82,18,0,0,0,0,0
2014/10/01,21,80,17,0,0,0,0,0
2014/10/01,22,81,18,0,0,0,0,0
2014/10/01,23,71,16,0,0,0,0,0
2014/10/01,24,55,11,0,0,0,0,0
2014/10/02,01,19,1,0,0,0,0,0
2014/10/02,02,15,1,0,0,0,0,0
2014/10/02,03,13,1,0,0,0,0,0
2014/10/02,04,11,1,0,0,0,0,0
2014/10/02,05,11,1,0,0,0,0,0
2014/10/02,06,11,1,0,0,0,0,0
2014/10/02,07,11,1,0,0,0,0,0
2014/10/02,08,12,1,0,0,0,0,0
2014/10/02,09,23,3,0,0,0,0,0
2014/10/02,10,53,8,0,0,0,0,0
2014/10/02,11,62,14,0,0,0,0,0
2014/10/02,12,73,19,0,0,0,0,0
2014/10/02,13,77,20,0,0,0,0,0
2014/10/02,14,81,23,0,0,0,0,0
2014/10/02,15,81,22,0,0,0,0,0
2014/10/02,16,81,23,0,0,0,0,0
2014/10/02,17,82,22,0,0,0,0,0
2014/10/02,18,87,22,0,0,0,0,0
2014/10/02,19,88,23,0,0,0,0,0
2014/10/02,20,86,21,0,0,0,0,0
2014/10/02,21,86,22,0,0,0,0,0
2014/10/02,22,85,22,0,0,0,0,0
2014/10/02,23,76,21,0,0,0,0,0
2014/10/02,24,67,17,0,0,0,0,0
2014/10/03,01,21,2,0,0,0,0,0
2014/10/03,02,15,1,0,0,0,0,0
2014/10/03,03,12,1,0,0,0,0,0
2014/10/03,04,11,1,0,0,0,0,0
2014/10/03,05,11,1,0,0,0,0,0
2014/10/03,06,11,1,0,0,0,0,0
2014/10/03,07,13,1,0,0,0,0,0
2014/10/03,08,13,1,0,0,0,0,0
2014/10/03,09,25,1,0,0,0,0,0
2014/10/03,10,59,14,0,0,0,0,0
2014/10/03,11,77,26,0,0,0,0,0
2014/10/03,12,91,30,0,0,0,0,0
2014/10/03,13,96,33,0,0,0,0,0
2014/10/03,14,95,31,0,0,0,0,0
2014/10/03,15,95,32,0,0,0,0,0
2014/10/03,16,97,33,0,0,0,0,0
2014/10/03,17,99,33,0,0,0,0,0
2014/10/03,18,102,31,0,0,0,0,0
2014/10/03,19,99,30,0,0,0,0,0
2014/10/03,20,98,29,0,0,0,0,0
2014/10/03,21,97,28,0,0,0,0,0
2014/10/03,22,96,26,0,0,0,0,0
2014/10/03,23,92,25,0,0,0,0,0
2014/10/03,24,71,19,0,0,0,0,0
2014/10/04,01,24,1,0,0,0,0,0
2014/10/04,02,20,1,0,0,0,0,0
2014/10/04,03,19,1,0,0,0,0,0
2014/10/04,04,17,1,0,0,0,0,0
2014/10/04,05,13,1,0,0,0,0,0
2014/10/04,06,12,1,0,0,0,0,0
2014/10/04,07,14,1,0,0,0,0,0
2014/10/04,08,18,1,0,0,0,0,0
2014/10/04,09,32,6,0,0,0,0,0
2014/10/04,10,57,13,0,0,0,0,0
2014/10/04,11,73,22,0,0,0,0,0
2014/10/04,12,86,25,0,0,0,0,0
2014/10/04,13,88,27,0,0,0,0,0
2014/10/04,14,89,27,0,0,0,0,0
2014/10/04,15,90,29,0,0,0,0,0
2014/10/04,16,90,27,0,0,0,0,0
2014/10/04,17,91,27,0,0,0,0,0
2014/10/04,18,96,26,0,0,0,0,0
2014/10/04,19,92,24,0,0,0,0,0
2014/10/04,20,92,25,0,0,0,0,0
2014/10/04,21,93,24,0,0,0,0,0
2014/10/04,22,89,22,0,0,0,0,0
2014/10/04,23,80,20,0,0,0,0,0
2014/10/04,24,66,13,0,0,0,0,0
2014/10/05,01,26,3,0,0,0,0,0
2014/10/05,02,20,1,0,0,0,0,0
2014/10/05,03,17,1,0,0,0,0,0
2014/10/05,04,14,1,0,0,0,0,0
2014/10/05,05,12,1,0,0,0,0,0
2014/10/05,06,12,1,0,0,0,0,0
2014/10/05,07,13,1,0,0,0,0,0
2014/10/05,08,13,1,0,0,0,0,0
2014/10/05,09,24,2,0,0,0,0,0
2014/10/05,10,50,4,0,0,0,0,0
2014/10/05,11,59,8,0,0,0,0,0
2014/10/05,12,63,8,0,0,0,0,0
2014/10/05,13,66,9,0,0,0,0,0
2014/10/05,14,68,11,0,0,0,0,0
2014/10/05,15,70,12,0,0,0,0,0
2014/10/05,16,71,12,0,0,0,0,0
2014/10/05,17,71,10,0,0,0,0,0
2014/10/05,18,76,12,0,0,0,0,0
2014/10/05,19,74,10,0,0,0,0,0
2014/10/05,20,73,10,0,0,0,0,0
2014/10/05,21,73,10,0,0,0,0,0
2014/10/05,22,73,11,0,0,0,0,0
2014/10/05,23,65,9,0,0,0,0,0
2014/10/05,24,65,10,0,0,0,0,0
2014/10/06,01,45,4,0,0,0,0,0
2014/10/06,02,14,1,0,0,0,0,0
2014/10/06,03,12,1,0,0,0,0,0
2014/10/06,04,12,1,0,0,0,0,0
2014/10/06,05,11,1,0,0,0,0,0
2014/10/06,06,11,1,0,0,0,0,0
2014/10/06,07,12,1,0,0,0,0,0
2014/10/06,08,13,1,0,0,0,0,0
2014/10/06,09,27,2,0,0,0,0,0
2014/10/06,10,50,4,0,0,0,0,0
2014/10/06,11,60,10,0,0,0,0,0
2014/10/06,12,66,10,0,0,0,0,0
2014/10/06,13,70,15,0,0,0,0,0
2014/10/06,14,78,21,0,0,0,0,0
2014/10/06,15,85,25,0,0,0,0,0
2014/10/06,16,89,27,0,0,0,0,0
2014/10/06,17,86,24,0,0,0,0,0
2014/10/06,18,88,23,0,0,0,0,0
2014/10/06,19,85,20,0,0,0,0,0
2014/10/06,20,84,18,0,0,0,0,0
2014/10/06,21,83,19,0,0,0,0,0
2014/10/06,22,82,18,0,0,0,0,0
2014/10/06,23,74,16,0,0,0,0,0
2014/10/06,24,64,15,0,0,0,0,0
2014/10/07,01,21,2,0,0,0,0,0
2014/10/07,02,15,1,0,0,0,0,0
2014/10/07,03,12,1,0,0,0,0,0
2014/10/07,04,11,1,0,0,0,0,0
2014/10/07,05,11,1,0,0,0,0,0
2014/10/07,06,11,1,0,0,0,0,0
2014/10/07,07,12,1,0,0,0,0,0
2014/10/07,08,12,1,0,0,0,0,0
2014/10/07,09,28,3,0,0,0,0,0
2014/10/07,10,52,6,0,0,0,0,0
2014/10/07,11,60,10,0,0,0,0,0
2014/10/07,12,70,16,0,0,0,0,0
2014/10/07,13,74,16,0,0,0,0,0
2014/10/07,14,77,19,0,0,0,0,0
2014/10/07,15,79,19,0,0,0,0,0
2014/10/07,16,79,18,0,0,0,0,0
2014/10/07,17,81,20,0,0,0,0,0
2014/10/07,18,81,17,0,0,0,0,0
2014/10/07,19,80,16,0,0,0,0,0
2014/10/07,20,80,16,0,0,0,0,0
2014/10/07,21,80,15,0,0,0,0,0
2014/10/07,22,79,15,0,0,0,0,0
2014/10/07,23,68,13,0,0,0,0,0
2014/10/07,24,50,9,0,0,0,0,0
2014/10/08,01,21,2,0,0,0,0,0
2014/10/08,02,17,1,0,0,0,0,0
2014/10/08,03,14,1,0,0,0,0,0
2014/10/08,04,12,1,0,0,0,0,0
2014/10/08,05,11,1,0,0,0,0,0
2014/10/08,06,11,1,0,0,0,0,0
2014/10/08,07,11,1,0,0,0,0,0
2014/10/08,08,12,1,0,0,0,0,0
2014/10/08,09,26,2,0,0,0,0,0
2014/10/08,10,50,4,0,0,0,0,0
2014/10/08,11,61,10,0,0,0,0,0
2014/10/08,12,71,15,0,0,0,0,0
2014/10/08,13,76,18,0,0,0,0,0
2014/10/08,14,76,18,0,0,0,0,0
2014/10/08,15,74,17,0,0,0,0,0
2014/10/08,16,77,19,0,0,0,0,0
2014/10/08,17,77,19,0,0,0,0,0
2014/10/08,18,78,17,0,0,0,0,0
2014/10/08,19,80,16,0,0,0,0,0
2014/10/08,20,79,16,0,0,0,0,0
2014/10/08,21,81,16,0,0,0,0,0
2014/10/08,22,78,16,0,0,0,0,0
2014/10/08,23,68,13,0,0,0,0,0
2014/10/08,24,52,9,0,0,0,0,0
2014/10/09,01,20,1,0,0,0,0,0
2014/10/09,02,16,1,0,0,0,0,0
2014/10/09,03,16,1,0,0,0,0,0
2014/10/09,04,13,1,0,0,0,0,0
2014/10/09,05,11,1,0,0,0,0,0
2014/10/09,06,12,1,0,0,0,0,0
2014/10/09,07,12,1,0,0,0,0,0
2014/10/09,08,12,1,0,0,0,0,0
2014/10/09,09,24,3,0,0,0,0,0
2014/10/09,10,50,6,0,0,0,0,0
2014/10/09,11,59,10,0,0,0,0,0
2014/10/09,12,72,17,0,0,0,0,0
2014/10/09,13,74,18,0,0,0,0,0
2014/10/09,14,74,18,0,0,0,0,0
2014/10/09,15,77,20,0,0,0,0,0
2014/10/09,16,77,20,0,0,0,0,0
2014/10/09,17,80,19,0,0,0,0,0
2014/10/09,18,82,19,0,0,0,0,0
2014/10/09,19,83,19,0,0,0,0,0
2014/10/09,20,82,18,0,0,0,0,0
2014/10/09,21,82,18,0,0,0,0,0
2014/10/09,22,81,18,0,0,0,0,0
2014/10/09,23,75,17,0,0,0,0,0
2014/10/09,24,68,14,0,0,0,0,0
2014/10/10,01,22,2,0,0,0,0,0
2014/10/10,02,16,1,0,0,0,0,0
2014/10/10,03,16,1,0,0,0,0,0
2014/10/10,04,12,1,0,0,0,0,0
2014/10/10,05,12,1,0,0,0,0,0
2014/10/10,06,12,1,0,0,0,0,0
2014/10/10,07,12,1,0,0,0,0,0
2014/10/10,08,13,1,0,0,0,0,0
2014/10/10,09,24,1,0,0,0,0,0
2014/10/10,10,53,7,0,0,0,0,0
2014/10/10,11,64,14,0,0,0,0,0
2014/10/10,12,78,21,0,0,0,0,0
2014/10/10,13,84,23,0,0,0,0,0
2014/10/10,14,83,22,0,0,0,0,0
2014/10/10,15,85,23,0,0,0,0,0
2014/10/10,16,84,22,0,0,0,0,0
2014/10/10,17,84,21,0,0,0,0,0
2014/10/10,18,86,20,0,0,0,0,0
2014/10/10,19,86,19,0,0,0,0,0
2014/10/10,20,86,20,0,0,0,0,0
2014/10/10,21,84,19,0,0,0,0,0
2014/10/10,22,86,20,0,0,0,0,0
2014/10/10,23,77,18,0,0,0,0,0
2014/10/10,24,59,15,0,0,0,0,0
2014/10/11,01,23,3,0,0,0,0,0
2014/10/11,02,19,1,0,0,0,0,0
2014/10/11,03,17,1,0,0,0,0,0
2014/10/11,04,14,1,0,0,0,0,0
2014/10/11,05,12,1,0,0,0,0,0
2014/10/11,06,13,1,0,0,0,0,0
2014/10/11,07,13,1,0,0,0,0,0
2014/10/11,08,16,1,0,0,0,0,0
2014/10/11,09,30,3,0,0,0,0,0
2014/10/11,10,54,8,0,0,0,0,0
2014/10/11,11,62,13,0,0,0,0,0
2014/10/11,12,76,18,0,0,0,0,0
2014/10/11,13,76,19,0,0,0,0,0
2014/10/11,14,77,20,0,0,0,0,0
2014/10/11,15,77,20,0,0,0,0,0
2014/10/11,16,78,20,0,0,0,0,0
2014/10/11,17,79,20,0,0,0,0,0
2014/10/11,18,83,18,0,0,0,0,0
2014/10/11,19,80,16,0,0,0,0,0
2014/10/11,20,81,17,0,0,0,0,0
2014/10/11,21,79,14,0,0,0,0,0
2014/10/11,22,78,15,0,0,0,0,0
2014/10/11,23,70,13,0,0,0,0,0
2014/10/11,24,50,9,0,0,0,0,0
2014/10/12,01,22,2,0,0,0,0,0
2014/10/12,02,19,1,0,0,0,0,0
2014/10/12,03,16,1,0,0,0,0,0
2014/10/12,04,13,1,0,0,0,0,0
2014/10/12,05,11,1,0,0,0,0,0
2014/10/12,06,12,1,0,0,0,0,0
2014/10/12,07,11,1,0,0,0,0,0
2014/10/12,08,12,1,0,0,0,0,0
2014/10/12,09,24,2,0,0,0,0,0
2014/10/12,10,46,3,0,0,0,0,0
2014/10/12,11,58,10,0,0,0,0,0
2014/10/12,12,69,14,0,0,0,0,0
2014/10/12,13,75,16,0,0,0,0,0
2014/10/12,14,76,17,0,0,0,0,0
2014/10/12,15,78,18,0,0,0,0,0
2014/10/12,16,79,18,0,0,0,0,0
2014/10/12,17,78,17,0,0,0,0,0
2014/10/12,18,81,16,0,0,0,0,0
2014/10/12,19,78,15,0,0,0,0,0
2014/10/12,20,77,12,0,0,0,0,0
2014/10/12,21,78,14,0,0,0,0,0
2014/10/12,22,77,13,0,0,0,0,0
2014/10/12,23,68,12,0,0,0,0,0
2014/10/12,24,54,8,0,0,0,0,0
2014/10/13,01,22,2,0,0,0,0,0
2014/10/13,02,17,1,0,0,0,0,0
2014/10/13,03,15,1,0,0,0,0,0
2014/10/13,04,13,1,0,0,0,0,0
2014/10/13,05,12,1,0,0,0,0,0
2014/10/13,06,12,1,0,0,0,0,0
2014/10/13,07,12,1,0,0,0,0,0
2014/10/13,08,12,1,0,0,0,0,0
2014/10/13,09,22,1,0,0,0,0,0
2014/10/13,10,46,2,0,0,0,0,0
2014/10/13,11,60,7,0,0,0,0,0
2014/10/13,12,65,10,0,0,0,0,0
2014/10/13,13,65,11,0,0,0,0,0
2014/10/13,14,68,13,0,0,0,0,0
2014/10/13,15,69,13,0,0,0,0,0
2014/10/13,16,68,12,0,0,0,0,0
2014/10/13,17,70,12,0,0,0,0,0
2014/10/13,18,74,12,0,0,0,0,0
2014/10/13,19,74,13,0,0,0,0,0
2014/10/13,20,76,14,0,0,0,0,0
2014/10/13,21,78,15,0,0,0,0,0
2014/10/13,22,79,16,0,0,0,0,0
2014/10/13,23,76,19,0,0,0,0,0
2014/10/13,24,73,19,0,0,0,0,0
2014/10/14,01,58,14,0,0,0,0,0
2014/10/14,02,13,1,0,0,0,0,0
2014/10/14,03,11,1,0,0,0,0,0
2014/10/14,04,11,1,0,0,0,0,0
2014/10/14,05,11,1,0,0,0,0,0
2014/10/14,06,11,1,0,0,0,0,0
2014/10/14,07,11,1,0,0,0,0,0
2014/10/14,08,12,1,0,0,0,0,0
2014/10/14,09,35,3,0,0,0,0,0
2014/10/14,10,56,10,0,0,0,0,0
2014/10/14,11,70,18,0,0,0,0,0
2014/10/14,12,79,21,0,0,0,0,0
2014/10/14,13,81,22,0,0,0,0,0
2014/10/14,14,83,23,0,0,0,0,0
2014/10/14,15,80,21,0,0,0,0,0
2014/10/14,16,79,20,0,0,0,0,0
2014/10/14,17,79,18,0,0,0,0,0
2014/10/14,18,80,17,0,0,0,0,0
2014/10/14,19,82,17,0,0,0,0,0
2014/10/14,20,80,16,0,0,0,0,0
2014/10/14,21,79,15,0,0,0,0,0
2014/10/14,22,77,15,0,0,0,0,0
2014/10/14,23,70,14,0,0,0,0,0
2014/10/14,24,48,8,0,0,0,0,0
2014/10/15,01,17,1,0,0,0,0,0
2014/10/15,02,14,1,0,0,0,0,0
2014/10/15,03,13,1,0,0,0,0,0
2014/10/15,04,11,1,0,0,0,0,0
2014/10/15,05,11,1,0,0,0,0,0
2014/10/15,06,11,1,0,0,0,0,0
2014/10/15,07,11,1,0,0,0,0,0
2014/10/15,08,12,1,0,0,0,0,0
2014/10/15,09,27,2,0,0,0,0,0
2014/10/15,10,47,3,0,0,0,0,0
2014/10/15,11,56,7,0,0,0,0,0
2014/10/15,12,62,9,0,0,0,0,0
2014/10/15,13,64,9,0,0,0,0,0
2014/10/15,14,63,8,0,0,0,0,0
2014/10/15,15,67,9,0,0,0,0,0
2014/10/15,16,69,10,0,0,0,0,0
2014/10/15,17,67,9,0,0,0,0,0
2014/10/15,18,72,9,0,0,0,0,0
2014/10/15,19,71,8,0,0,0,0,0
2014/10/15,20,73,9,0,0,0,0,0
2014/10/15,21,72,9,0,0,0,0,0
2014/10/15,22,71,8,0,0,0,0,0
2014/10/15,23,63,8,0,0,0,0,0
2014/10/15,24,51,6,0,0,0,0,0
2014/10/16,01,17,1,0,0,0,0,0
2014/10/16,02,14,1,0,0,0,0,0
2014/10/16,03,13,1,0,0,0,0,0
2014/10/16,04,11,1,0,0,0,0,0
2014/10/16,05,10,1,0,0,0,0,0
2014/10/16,06,10,1,0,0,0,0,0
2014/10/16,07,10,1,0,0,0,0,0
2014/10/16,08,10,1,0,0,0,0,0
2014/10/16,09,20,2,0,0,0,0,0
2014/10/16,10,44,2,0,0,0,0,0
2014/10/16,11,52,4,0,0,0,0,0
2014/10/16,12,60,8,0,0,0,0,0
2014/10/16,13,68,12,0,0,0,0,0
2014/10/16,14,68,14,0,0,0,0,0
2014/10/16,15,70,15,0,0,0,0,0
2014/10/16,16,71,15,0,0,0,0,0
2014/10/16,17,73,14,0,0,0,0,0
2014/10/16,18,75,13,0,0,0,0,0
2014/10/16,19,76,14,0,0,0,0,0
2014/10/16,20,75,12,0,0,0,0,0
2014/10/16,21,75,12,0,0,0,0,0
2014/10/16,22,74,11,0,0,0,0,0
2014/10/16,23,65,10,0,0,0,0,0
2014/10/16,24,51,7,0,0,0,0,0
2014/10/17,01,21,1,0,0,0,0,0
2014/10/17,02,15,1,0,0,0,0,0
2014/10/17,03,12,1,0,0,0,0,0
2014/10/17,04,10,1,0,0,0,0,0
2014/10/17,05,10,1,0,0,0,0,0
2014/10/17,06,10,1,0,0,0,0,0
2014/10/17,07,11,1,0,0,0,0,0
2014/10/17,08,12,1,0,0,0,0,0
2014/10/17,09,25,2,0,0,0,0,0
2014/10/17,10,47,3,0,0,0,0,0
2014/10/17,11,56,7,0,0,0,0,0
2014/10/17,12,66,11,0,0,0,0,0
2014/10/17,13,73,15,0,0,0,0,0
2014/10/17,14,73,16,0,0,0,0,0
2014/10/17,15,74,18,0,0,0,0,0
2014/10/17,16,74,16,0,0,0,0,0
2014/10/17,17,76,16,0,0,0,0,0
2014/10/17,18,77,14,0,0,0,0,0
2014/10/17,19,78,13,0,0,0,0,0
2014/10/17,20,78,13,0,0,0,0,0
2014/10/17,21,76,12,0,0,0,0,0
2014/10/17,22,76,11,0,0,0,0,0
2014/10/17,23,68,10,0,0,0,0,0
2014/10/17,24,60,8,0,0,0,0,0
2014/10/18,01,25,2,0,0,0,0,0
2014/10/18,02,17,1,0,0,0,0,0
2014/10/18,03,16,1,0,0,0,0,0
2014/10/18,04,12,1,0,0,0,0,0
2014/10/18,05,11,1,0,0,0,0,0
2014/10/18,06,11,1,0,0,0,0,0
2014/10/18,07,11,1,0,0,0,0,0
2014/10/18,08,14,1,0,0,0,0,0
2014/10/18,09,25,1,0,0,0,0,0
2014/10/18,10,48,3,0,0,0,0,0
2014/10/18,11,53,5,0,0,0,0,0
2014/10/18,12,65,11,0,0,0,0,0
2014/10/18,13,70,14,0,0,0,0,0
2014/10/18,14,73,16,0,0,0,0,0
2014/10/18,15,73,16,0,0,0,0,0
2014/10/18,16,74,17,0,0,0,0,0
2014/10/18,17,78,16,0,0,0,0,0
2014/10/18,18,80,15,0,0,0,0,0
2014/10/18,19,78,15,0,0,0,0,0
2014/10/18,20,78,14,0,0,0,0,0
2014/10/18,21,79,14,0,0,0,0,0
2014/10/18,22,74,12,0,0,0,0,0
2014/10/18,23,65,10,0,0,0,0,0
2014/10/18,24,52,7,0,0,0,0,0
2014/10/19,01,19,2,0,0,0,0,0
2014/10/19,02,15,1,0,0,0,0,0
2014/10/19,03,13,1,0,0,0,0,0
2014/10/19,04,12,1,0,0,0,0,0
2014/10/19,05,10,1,0,0,0,0,0
2014/10/19,06,10,1,0,0,0,0,0
2014/10/19,07,10,1,0,0,0,0,0
2014/10/19,08,10,1,0,0,0,0,0
2014/10/19,09,24,1,0,0,0,0,0
2014/10/19,10,47,3,0,0,0,0,0
2014/10/19,11,58,6,0,0,0,0,0
2014/10/19,12,68,11,0,0,0,0,0
2014/10/19,13,72,15,0,0,0,0,0
2014/10/19,14,76,18,0,0,0,0,0
2014/10/19,15,77,19,0,0,0,0,0
2014/10/19,16,76,18,0,0,0,0,0
2014/10/19,17,76,17,0,0,0,0,0
2014/10/19,18,81,17,0,0,0,0,0
2014/10/19,19,79,16,0,0,0,0,0
2014/10/19,20,79,16,0,0,0,0,0
2014/10/19,21,77,14,0,0,0,0,0
2014/10/19,22,74,14,0,0,0,0,0
2014/10/19,23,69,14,0,0,0,0,0
2014/10/19,24,66,11,0,0,0,0,0
2014/10/20,01,67,13,0,0,0,0,0
2014/10/20,02,39,9,0,0,0,0,0
2014/10/20,03,26,5,0,0,0,0,0
2014/10/20,04,22,3,0,0,0,0,0
2014/10/20,05,22,2,0,0,0,0,0
2014/10/20,06,22,2,0,0,0,0,0
2014/10/20,07,22,2,0,0,0,0,0
2014/10/20,08,26,2,0,0,0,0,0
2014/10/20,09,50,4,0,0,0,0,0
2014/10/20,10,57,9,0,0,0,0,0
2014/10/20,11,60,10,0,0,0,0,0
2014/10/20,12,72,15,0,0,0,0,0
2014/10/20,13,75,17,0,0,0,0,0
2014/10/20,14,74,18,0,0,0,0,0
2014/10/20,15,75,19,0,0,0,0,0
2014/10/20,16,75,18,0,0,0,0,0
2014/10/20,17,79,18,0,0,0,0,0
2014/10/20,18,82,18,0,0,0,0,0
2014/10/20,19,82,18,0,0,0,0,0
2014/10/20,20,82,18,0,0,0,0,0
2014/10/20,21,78,15,0,0,0,0,0
2014/10/20,22,77,15,0,0,0,0,0
2014/10/20,23,69,12,0,0,0,0,0
2014/10/20,24,65,11,0,0,0,0,0
2014/10/21,01,31,5,0,0,0,0,0
2014/10/21,02,15,1,0,0,0,0,0
2014/10/21,03,14,1,0,0,0,0,0
2014/10/21,04,11,1,0,0,0,0,0
2014/10/21,05,11,1,0,0,0,0,0
2014/10/21,06,11,1,0,0,0,0,0
2014/10/21,07,11,1,0,0,0,0,0
2014/10/21,08,11,1,0,0,0,0,0
2014/10/21,09,23,2,0,0,0,0,0
2014/10/21,10,50,4,0,0,0,0,0
2014/10/21,11,57,8,0,0,0,0,0
2014/10/21,12,65,12,0,0,0,0,0
2014/10/21,13,70,14,0,0,0,0,0
2014/10/21,14,72,15,0,0,0,0,0
2014/10/21,15,73,16,0,0,0,0,0
2014/10/21,16,76,18,0,0,0,0,0
2014/10/21,17,80,19,0,0,0,0,0
2014/10/21,18,81,17,0,0,0,0,0
2014/10/21,19,80,17,0,0,0,0,0
2014/10/21,20,82,18,0,0,0,0,0
2014/10/21,21,82,18,0,0,0,0,0
2014/10/21,22,81,17,0,0,0,0,0
2014/10/21,23,72,16,0,0,0,0,0
2014/10/21,24,64,11,0,0,0,0,0
2014/10/22,01,19,1,0,0,0,0,0
2014/10/22,02,14,1,0,0,0,0,0
2014/10/22,03,13,1,0,0,0,0,0
2014/10/22,04,11,1,0,0,0,0,0
2014/10/22,05,11,1,0,0,0,0,0
2014/10/22,06,11,1,0,0,0,0,0
2014/10/22,07,13,1,0,0,0,0,0
2014/10/22,08,13,1,0,0,0,0,0
2014/10/22,09,26,2,0,0,0,0,0
2014/10/22,10,48,3,0,0,0,0,0
2014/10/22,11,56,6,0,0,0,0,0
2014/10/22,12,60,7,0,0,0,0,0
2014/10/22,13,65,8,0,0,0,0,0
2014/10/22,14,66,9,0,0,0,0,0
2014/10/22,15,66,9,0,0,0,0,0
2014/10/22,16,65,8,0,0,0,0,0
2014/10/22,17,69,8,0,0,0,0,0
2014/10/22,18,71,9,0,0,0,0,0
2014/10/22,19,69,8,0,0,0,0,0
2014/10/22,20,70,7,0,0,0,0,0
2014/10/22,21,70,8,0,0,0,0,0
2014/10/22,22,70,8,0,0,0,0,0
2014/10/22,23,67,7,0,0,0,0,0
2014/10/22,24,51,5,0,0,0,0,0
2014/10/23,01,19,1,0,0,0,0,0
2014/10/23,02,16,1,0,0,0,0,0
2014/10/23,03,16,1,0,0,0,0,0
2014/10/23,04,12,1,0,0,0,0,0
2014/10/23,05,11,1,0,0,0,0,0
2014/10/23,06,11,1,0,0,0,0,0
2014/10/23,07,10,1,0,0,0,0,0
2014/10/23,08,11,1,0,0,0,0,0
2014/10/23,09,37,2,0,0,0,0,0
2014/10/23,10,45,2,0,0,0,0,0
2014/10/23,11,51,3,0,0,0,0,0
2014/10/23,12,58,5,0,0,0,0,0
2014/10/23,13,62,6,0,0,0,0,0
2014/10/23,14,64,8,0,0,0,0,0
2014/10/23,15,63,8,0,0,0,0,0
2014/10/23,16,64,8,0,0,0,0,0
2014/10/23,17,67,8,0,0,0,0,0
2014/10/23,18,69,8,0,0,0,0,0
2014/10/23,19,69,8,0,0,0,0,0
2014/10/23,20,70,8,0,0,0,0,0
2014/10/23,21,70,8,0,0,0,0,0
2014/10/23,22,69,7,0,0,0,0,0
2014/10/23,23,61,8,0,0,0,0,0
2014/10/23,24,53,7,0,0,0,0,0
2014/10/24,01,37,4,0,0,0,0,0
2014/10/24,02,34,2,0,0,0,0,0
2014/10/24,03,31,2,0,0,0,0,0
2014/10/24,04,27,2,0,0,0,0,0
2014/10/24,05,27,2,0,0,0,0,0
2014/10/24,06,26,2,0,0,0,0,0
2014/10/24,07,24,1,0,0,0,0,0
2014/10/24,08,18,1,0,0,0,0,0
2014/10/24,09,22,2,0,0,0,0,0
2014/10/24,10,46,2,0,0,0,0,0
2014/10/24,11,52,3,0,0,0,0,0
2014/10/24,12,62,8,0,0,0,0,0
2014/10/24,13,66,10,0,0,0,0,0
2014/10/24,14,70,13,0,0,0,0,0
2014/10/24,15,69,13,0,0,0,0,0
2014/10/24,16,70,14,0,0,0,0,0
2014/10/24,17,75,14,0,0,0,0,0
2014/10/24,18,74,12,0,0,0,0,0
2014/10/24,19,76,12,0,0,0,0,0
2014/10/24,20,77,13,0,0,0,0,0
2014/10/24,21,75,11,0,0,0,0,0
2014/10/24,22,75,11,0,0,0,0,0
2014/10/24,23,66,9,0,0,0,0,0
2014/10/24,24,50,5,0,0,0,0,0
2014/10/25,01,20,1,0,0,0,0,0
2014/10/25,02,18,1,0,0,0,0,0
2014/10/25,03,18,1,0,0,0,0,0
2014/10/25,04,15,1,0,0,0,0,0
2014/10/25,05,12,1,0,0,0,0,0
2014/10/25,06,11,1,0,0,0,0,0
2014/10/25,07,12,1,0,0,0,0,0
2014/10/25,08,15,1,0,0,0,0,0
2014/10/25,09,25,1,0,0,0,0,0
2014/10/25,10,49,4,0,0,0,0,0
2014/10/25,11,54,5,0,0,0,0,0
2014/10/25,12,64,9,0,0,0,0,0
2014/10/25,13,71,13,0,0,0,0,0
2014/10/25,14,72,15,0,0,0,0,0
2014/10/25,15,75,16,0,0,0,0,0
2014/10/25,16,77,17,0,0,0,0,0
2014/10/25,17,78,18,0,0,0,0,0
2014/10/25,18,81,18,0,0,0,0,0
2014/10/25,19,81,16,0,0,0,0,0
2014/10/25,20,81,16,0,0,0,0,0
2014/10/25,21,81,17,0,0,0,0,0
2014/10/25,22,79,15,0,0,0,0,0
2014/10/25,23,71,14,0,0,0,0,0
2014/10/25,24,57,10,0,0,0,0,0
2014/10/26,01,21,1,0,0,0,0,0
2014/10/26,02,20,1,0,0,0,0,0
2014/10/26,03,17,1,0,0,0,0,0
2014/10/26,04,15,1,0,0,0,0,0
2014/10/26,05,11,1,0,0,0,0,0
2014/10/26,06,11,1,0,0,0,0,0
2014/10/26,07,12,1,0,0,0,0,0
2014/10/26,08,11,1,0,0,0,0,0
2014/10/26,09,33,1,0,0,0,0,0
2014/10/26,10,47,3,0,0,0,0,0
2014/10/26,11,56,8,0,0,0,0,0
2014/10/26,12,68,13,0,0,0,0,0
2014/10/26,13,74,16,0,0,0,0,0
2014/10/26,14,78,20,0,0,0,0,0
2014/10/26,15,81,21,0,0,0,0,0
2014/10/26,16,81,21,0,0,0,0,0
2014/10/26,17,81,20,0,0,0,0,0
2014/10/26,18,85,19,0,0,0,0,0
2014/10/26,19,84,20,0,0,0,0,0
2014/10/26,20,87,20,0,0,0,0,0
2014/10/26,21,85,20,0,0,0,0,0
2014/10/26,22,83,18,0,0,0,0,0
2014/10/26,23,73,16,0,0,0,0,0
2014/10/26,24,53,10,0,0,0,0,0
2014/10/27,01,19,2,0,0,0,0,0
2014/10/27,02,16,1,0,0,0,0,0
2014/10/27,03,13,1,0,0,0,0,0
2014/10/27,04,11,1,0,0,0,0,0
2014/10/27,05,11,1,0,0,0,0,0
2014/10/27,06,11,1,0,0,0,0,0
2014/10/27,07,13,1,0,0,0,0,0
2014/10/27,08,12,1,0,0,0,0,0
2014/10/27,09,26,2,0,0,0,0,0
2014/10/27,10,51,5,0,0,0,0,0
2014/10/27,11,60,11,0,0,0,0,0
2014/10/27,12,70,15,0,0,0,0,0
2014/10/27,13,74,16,0,0,0,0,0
2014/10/27,14,76,18,0,0,0,0,0
2014/10/27,15,77,17,0,0,0,0,0
2014/10/27,16,78,19,0,0,0,0,0
2014/10/27,17,80,18,0,0,0,0,0
2014/10/27,18,82,17,0,0,0,0,0
2014/10/27,19,79,15,0,0,0,0,0
2014/10/27,20,77,12,0,0,0,0,0
2014/10/27,21,77,12,0,0,0,0,0
2014/10/27,22,72,10,0,0,0,0,0
2014/10/27,23,66,10,0,0,0,0,0
2014/10/27,24,63,9,0,0,0,0,0
2014/10/28,01,21,1,0,0,0,0,0
2014/10/28,02,15,1,0,0,0,0,0
2014/10/28,03,14,1,0,0,0,0,0
2014/10/28,04,12,1,0,0,0,0,0
2014/10/28,05,11,1,0,0,0,0,0
2014/10/28,06,10,1,0,0,0,0,0
2014/10/28,07,11,1,0,0,0,0,0
2014/10/28,08,11,1,0,0,0,0,0
2014/10/28,09,24,2,0,0,0,0,0
2014/10/28,10,47,2,0,0,0,0,0
2014/10/28,11,53,3,0,0,0,0,0
2014/10/28,12,61,7,0,0,0,0,0
2014/10/28,13,65,9,0,0,0,0,0
2014/10/28,14,68,12,0,0,0,0,0
2014/10/28,15,70,13,0,0,0,0,0
2014/10/28,16,70,14,0,0,0,0,0
2014/10/28,17,72,13,0,0,0,0,0
2014/10/28,18,70,9,0,0,0,0,0
2014/10/28,19,69,7,0,0,0,0,0
2014/10/28,20,69,7,0,0,0,0,0
2014/10/28,21,68,7,0,0,0,0,0
2014/10/28,22,68,8,0,0,0,0,0
2014/10/28,23,62,7,0,0,0,0,0
2014/10/28,24,52,5,0,0,0,0,0
2014/10/29,01,18,1,0,0,0,0,0
2014/10/29,02,15,1,0,0,0,0,0
2014/10/29,03,14,1,0,0,0,0,0
2014/10/29,04,12,1,0,0,0,0,0
2014/10/29,05,11,1,0,0,0,0,0
2014/10/29,06,11,1,0,0,0,0,0
2014/10/29,07,11,1,0,0,0,0,0
2014/10/29,08,11,1,0,0,0,0,0
2014/10/29,09,25,2,0,0,0,0,0
2014/10/29,10,48,2,0,0,0,0,0
2014/10/29,11,52,2,0,0,0,0,0
2014/10/29,12,60,5,0,0,0,0,0
2014/10/29,13,64,8,0,0,0,0,0
2014/10/29,14,67,11,0,0,0,0,0
2014/10/29,15,68,12,0,0,0,0,0
2014/10/29,16,68,12,0,0,0,0,0
2014/10/29,17,69,13,0,0,0,0,0
2014/10/29,18,72,10,0,0,0,0,0
2014/10/29,19,74,11,0,0,0,0,0
2014/10/29,20,73,10,0,0,0,0,0
2014/10/29,21,73,10,0,0,0,0,0
2014/10/29,22,72,10,0,0,0,0,0
2014/10/29,23,61,7,0,0,0,0,0
2014/10/29,24,46,4,0,0,0,0,0
2014/10/30,01,17,1,0,0,0,0,0
2014/10/30,02,15,1,0,0,0,0,0
2014/10/30,03,13,1,0,0,0,0,0
2014/10/30,04,10,1,0,0,0,0,0
2014/10/30,05,10,1,0,0,0,0,0
2014/10/30,06,10,1,0,0,0,0,0
2014/10/30,07,11,1,0,0,0,0,0
2014/10/30,08,10,1,0,0,0,0,0
2014/10/30,09,22,2,0,0,0,0,0
2014/10/30,10,46,2,0,0,0,0,0
2014/10/30,11,50,2,0,0,0,0,0
2014/10/30,12,58,5,0,0,0,0,0
2014/10/30,13,63,8,0,0,0,0,0
2014/10/30,14,65,11,0,0,0,0,0
2014/10/30,15,67,12,0,0,0,0,0
2014/10/30,16,69,13,0,0,0,0,0
2014/10/30,17,70,11,0,0,0,0,0
2014/10/30,18,76,13,0,0,0,0,0
2014/10/30,19,76,14,0,0,0,0,0
2014/10/30,20,77,13,0,0,0,0,0
2014/10/30,21,77,14,0,0,0,0,0
2014/10/30,22,76,13,0,0,0,0,0
2014/10/30,23,65,11,0,0,0,0,0
2014/10/30,24,52,8,0,0,0,0,0
2014/10/31,01,21,2,0,0,0,0,0
2014/10/31,02,16,1,0,0,0,0,0
2014/10/31,03,13,1,0,0,0,0,0
2014/10/31,04,11,1,0,0,0,0,0
2014/10/31,05,10,1,0,0,0,0,0
2014/10/31,06,10,1,0,0,0,0,0
2014/10/31,07,10,1,0,0,0,0,0
2014/10/31,08,10,1,0,0,0,0,0
2014/10/31,09,22,1,0,0,0,0,0
2014/10/31,10,47,3,0,0,0,0,0
2014/10/31,11,52,4,0,0,0,0,0
2014/10/31,12,62,9,0,0,0,0,0
2014/10/31,13,66,11,0,0,0,0,0
2014/10/31,14,68,13,0,0,0,0,0
2014/10/31,15,71,14,0,0,0,0,0
2014/10/31,16,71,15,0,0,0,0,0
2014/10/31,17,73,15,0,0,0,0,0
2014/10/31,18,79,14,0,0,0,0,0
2014/10/31,19,78,15,0,0,0,0,0
2014/10/31,20,79,14,0,0,0,0,0
2014/10/31,21,80,15,0,0,0,0,0
2014/10/31,22,80,14,0,0,0,0,0
2014/10/31,23,71,12,0,0,0,0,0
2014/10/31,24,54,10,0,0,0,0,0
2014/11/01,01,23,1,0,0,0,0,0
2014/11/01,02,18,1,0,0,0,0,0
2014/11/01,03,16,1,0,0,0,0,0
2014/11/01,04,12,1,0,0,0,0,0
2014/11/01,05,11,1,0,0,0,0,0
2014/11/01,06,11,1,0,0,0,0,0
2014/11/01,07,11,1,0,0,0,0,0
2014/11/01,08,14,1,0,0,0,0,0
2014/11/01,09,28,2,0,0,0,0,0
2014/11/01,10,48,3,0,0,0,0,0
2014/11/01,11,55,6,0,0,0,0,0
2014/11/01,12,61,9,0,0,0,0,0
2014/11/01,13,66,9,0,0,0,0,0
2014/11/01,14,67,9,0,0,0,0,0
2014/11/01,15,69,11,0,0,0,0,0
2014/11/01,16,69,11,0,0,0,0,0
2014/11/01,17,74,11,0,0,0,0,0
2014/11/01,18,74,11,0,0,0,0,0
2014/11/01,19,74,12,0,0,0,0,0
2014/11/01,20,73,11,0,0,0,0,0
2014/11/01,21,73,11,0,0,0,0,0
2014/11/01,22,75,10,0,0,0,0,0
2014/11/01,23,64,9,0,0,0,0,0
2014/11/01,24,50,5,0,0,0,0,0
2014/11/02,01,23,2,0,0,0,0,0
2014/11/02,02,17,1,0,0,0,0,0
2014/11/02,03,17,1,0,0,0,0,0
2014/11/02,04,15,1,0,0,0,0,0
2014/11/02,05,12,1,0,0,0,0,0
2014/11/02,06,11,1,0,0,0,0,0
2014/11/02,07,11,1,0,0,0,0,0
2014/11/02,08,11,1,0,0,0,0,0
2014/11/02,09,23,1,0,0,0,0,0
2014/11/02,10,46,1,0,0,0,0,0
2014/11/02,11,55,6,0,0,0,0,0
2014/11/02,12,70,12,0,0,0,0,0
2014/11/02,13,74,15,0,0,0,0,0
2014/11/02,14,76,16,0,0,0,0,0
2014/11/02,15,77,18,0,0,0,0,0
2014/11/02,16,78,18,0,0,0,0,0
2014/11/02,17,78,18,0,0,0,0,0
2014/11/02,18,83,17,0,0,0,0,0
2014/11/02,19,82,17,0,0,0,0,0
2014/11/02,20,84,19,0,0,0,0,0
2014/11/02,21,84,18,0,0,0,0,0
2014/11/02,22,81,18,0,0,0,0,0
2014/11/02,23,73,14,0,0,0,0,0
2014/11/02,24,58,11,0,0,0,0,0
2014/11/03,01,20,1,0,0,0,0,0
2014/11/03,02,17,1,0,0,0,0,0
2014/11/03,03,14,1,0,0,0,0,0
2014/11/03,04,11,1,0,0,0,0,0
2014/11/03,05,11,1,0,0,0,0,0
2014/11/03,06,11,1,0,0,0,0,0
2014/11/03,07,12,1,0,0,0,0,0
2014/11/03,08,12,1,0,0,0,0,0
2014/11/03,09,24,2,0,0,0,0,0
2014/11/03,10,48,3,0,0,0,0,0
2014/11/03,11,59,5,0,0,0,0,0
2014/11/03,12,67,10,0,0,0,0,0
2014/11/03,13,69,12,0,0,0,0,0
2014/11/03,14,74,15,0,0,0,0,0
2014/11/03,15,72,15,0,0,0,0,0
2014/11/03,16,73,15,0,0,0,0,0
2014/11/03,17,76,15,0,0,0,0,0
2014/11/03,18,75,12,0,0,0,0,0
2014/11/03,19,72,10,0,0,0,0,0
2014/11/03,20,72,10,0,0,0,0,0
2014/11/03,21,72,10,0,0,0,0,0
2014/11/03,22,69,9,0,0,0,0,0
2014/11/03,23,65,8,0,0,0,0,0
2014/11/03,24,45,5,0,0,0,0,0
2014/11/04,01,19,1,0,0,0,0,0
2014/11/04,02,14,1,0,0,0,0,0
2014/11/04,03,12,1,0,0,0,0,0
2014/11/04,04,10,1,0,0,0,0,0
2014/11/04,05,10,1,0,0,0,0,0
2014/11/04,06,10,1,0,0,0,0,0
2014/11/04,07,10,1,0,0,0,0,0
2014/11/04,08,10,1,0,0,0,0,0
2014/11/04,09,26,2,0,0,0,0,0
2014/11/04,10,47,2,0,0,0,0,0
2014/11/04,11,52,2,0,0,0,0,0
2014/11/04,12,59,6,0,0,0,0,0
2014/11/04,13,65,9,0,0,0,0,0
2014/11/04,14,65,11,0,0,0,0,0
2014/11/04,15,67,11,0,0,0,0,0
2014/11/04,16,67,11,0,0,0,0,0
2014/11/04,17,69,12,0,0,0,0,0
2014/11/04,18,73,10,0,0,0,0,0
2014/11/04,19,73,10,0,0,0,0,0
2014/11/04,20,72,9,0,0,0,0,0
2014/11/04,21,71,9,0,0,0,0,0
2014/11/04,22,69,9,0,0,0,0,0
2014/11/04,23,61,8,0,0,0,0,0
2014/11/04,24,46,5,0,0,0,0,0
2014/11/05,01,17,1,0,0,0,0,0
2014/11/05,02,14,1,0,0,0,0,0
2014/11/05,03,13,1,0,0,0,0,0
2014/11/05,04,10,1,0,0,0,0,0
2014/11/05,05,10,1,0,0,0,0,0
2014/11/05,06,11,1,0,0,0,0,0
2014/11/05,07,10,1,0,0,0,0,0
2014/11/05,08,11,1,0,0,0,0,0
2014/11/05,09,22,2,0,0,0,0,0
2014/11/05,10,46,2,0,0,0,0,0
2014/11/05,11,52,2,0,0,0,0,0
2014/11/05,12,57,3,0,0,0,0,0
2014/11/05,13,60,6,0,0,0,0,0
2014/11/05,14,61,7,0,0,0,0,0
2014/11/05,15,63,9,0,0,0,0,0
2014/11/05,16,65,10,0,0,0,0,0
2014/11/05,17,67,9,0,0,0,0,0
2014/11/05,18,71,9,0,0,0,0,0
2014/11/05,19,70,9,0,0,0,0,0
2014/11/05,20,71,9,0,0,0,0,0
2014/11/05,21,70,9,0,0,0,0,0
2014/11/05,22,70,8,0,0,0,0,0
2014/11/05,23,67,8,0,0,0,0,0
2014/11/05,24,52,6,0,0,0,0,0
2014/11/06,01,22,1,0,0,0,0,0
2014/11/06,02,17,1,0,0,0,0,0
2014/11/06,03,13,1,0,0,0,0,0
2014/11/06,04,10,1,0,0,0,0,0
2014/11/06,05,10,1,0,0,0,0,0
2014/11/06,06,10,1,0,0,0,0,0
2014/11/06,07,10,1,0,0,0,0,0
2014/11/06,08,10,1,0,0,0,0,0
2014/11/06,09,21,1,0,0,0,0,0
2014/11/06,10,47,3,0,0,0,0,0
2014/11/06,11,51,3,0,0,0,0,0
2014/11/06,12,60,7,0,0,0,0,0
2014/11/06,13,65,10,0,0,0,0,0
2014/11/06,14,67,12,0,0,0,0,0
2014/11/06,15,66,12,0,0,0,0,0
2014/11/06,16,67,12,0,0,0,0,0
2014/11/06,17,74,13,0,0,0,0,0
2014/11/06,18,74,12,0,0,0,0,0
2014/11/06,19,72,11,0,0,0,0,0
2014/11/06,20,75,12,0,0,0,0,0
2014/11/06,21,75,12,0,0,0,0,0
2014/11/06,22,73,11,0,0,0,0,0
2014/11/06,23,68,11,0,0,0,0,0
2014/11/06,24,57,9,0,0,0,0,0
2014/11/07,01,22,1,0,0,0,0,0
2014/11/07,02,14,1,0,0,0,0,0
2014/11/07,03,12,1,0,0,0,0,0
2014/11/07,04,11,1,0,0,0,0,0
2014/11/07,05,11,1,0,0,0,0,0
2014/11/07,06,10,1,0,0,0,0,0
2014/11/07,07,11,1,0,0,0,0,0
2014/11/07,08,11,1,0,0,0,0,0
2014/11/07,09,21,1,0,0,0,0,0
2014/11/07,10,47,3,0,0,0,0,0
2014/11/07,11,51,2,0,0,0,0,0
2014/11/07,12,60,8,0,0,0,0,0
2014/11/07,13,66,10,0,0,0,0,0
2014/11/07,14,67,11,0,0,0,0,0
2014/11/07,15,67,11,0,0,0,0,0
2014/11/07,16,68,12,0,0,0,0,0
2014/11/07,17,71,12,0,0,0,0,0
2014/11/07,18,73,10,0,0,0,0,0
2014/11/07,19,70,9,0,0,0,0,0
2014/11/07,20,72,9,0,0,0,0,0
2014/11/07,21,72,10,0,0,0,0,0
2014/11/07,22,71,9,0,0,0,0,0
2014/11/07,23,63,8,0,0,0,0,0
2014/11/07,24,64,8,0,0,0,0,0
2014/11/08,01,28,2,0,0,0,0,0
2014/11/08,02,16,1,0,0,0,0,0
2014/11/08,03,15,1,0,0,0,0,0
2014/11/08,04,14,1,0,0,0,0,0
2014/11/08,05,11,1,0,0,0,0,0
2014/11/08,06,11,1,0,0,0,0,0
2014/11/08,07,10,1,0,0,0,0,0
2014/11/08,08,14,1,0,0,0,0,0
2014/11/08,09,24,1,0,0,0,0,0
2014/11/08,10,47,3,0,0,0,0,0
2014/11/08,11,51,2,0,0,0,0,0
2014/11/08,12,54,3,0,0,0,0,0
2014/11/08,13,59,4,0,0,0,0,0
2014/11/08,14,61,6,0,0,0,0,0
2014/11/08,15,63,7,0,0,0,0,0
2014/11/08,16,64,7,0,0,0,0,0
2014/11/08,17,66,8,0,0,0,0,0
2014/11/08,18,68,7,0,0,0,0,0
2014/11/08,19,69,7,0,0,0,0,0
2014/11/08,20,70,8,0,0,0,0,0
2014/11/08,21,70,7,0,0,0,0,0
2014/11/08,22,71,8,0,0,0,0,0
2014/11/08,23,61,6,0,0,0,0,0
2014/11/08,24,47,4,0,0,0,0,0
2014/11/09,01,19,1,0,0,0,0,0
2014/11/09,02,16,1,0,0,0,0,0
2014/11/09,03,14,1,0,0,0,0,0
2014/11/09,04,11,1,0,0,0,0,0
2014/11/09,05,10,1,0,0,0,0,0
2014/11/09,06,10,1,0,0,0,0,0
2014/11/09,07,10,1,0,0,0,0,0
2014/11/09,08,10,1,0,0,0,0,0
2014/11/09,09,22,2,0,0,0,0,0
2014/11/09,10,45,1,0,0,0,0,0
2014/11/09,11,50,2,0,0,0,0,0
2014/11/09,12,57,4,0,0,0,0,0
2014/11/09,13,62,7,0,0,0,0,0
2014/11/09,14,64,8,0,0,0,0,0
2014/11/09,15,63,7,0,0,0,0,0
2014/11/09,16,65,8,0,0,0,0,0
2014/11/09,17,68,8,0,0,0,0,0
2014/11/09,18,71,8,0,0,0,0,0
2014/11/09,19,70,7,0,0,0,0,0
2014/11/09,20,70,7,0,0,0,0,0
2014/11/09,21,70,8,0,0,0,0,0
2014/11/09,22,68,7,0,0,0,0,0
2014/11/09,23,61,7,0,0,0,0,0
2014/11/09,24,61,8,0,0,0,0,0
2014/11/10,01,60,6,0,0,0,0,0
2014/11/10,02,52,5,0,0,0,0,0
2014/11/10,03,11,1,0,0,0,0,0
2014/11/10,04,10,1,0,0,0,0,0
2014/11/10,05,10,1,0,0,0,0,0
2014/11/10,06,10,1,0,0,0,0,0
2014/11/10,07,11,1,0,0,0,0,0
2014/11/10,08,11,1,0,0,0,0,0
2014/11/10,09,25,1,0,0,0,0,0
2014/11/10,10,49,3,0,0,0,0,0
2014/11/10,11,53,4,0,0,0,0,0
2014/11/10,12,61,8,0,0,0,0,0
2014/11/10,13,66,11,0,0,0,0,0
2014/11/10,14,67,11,0,0,0,0,0
2014/11/10,15,69,12,0,0,0,0,0
2014/11/10,16,70,13,0,0,0,0,0
2014/11/10,17,71,13,0,0,0,0,0
2014/11/10,18,75,13,0,0,0,0,0
2014/11/10,19,73,12,0,0,0,0,0
2014/11/10,20,74,11,0,0,0,0,0
2014/11/10,21,73,11,0,0,0,0,0
2014/11/10,22,70,10,0,0,0,0,0
2014/11/10,23,64,8,0,0,0,0,0
2014/11/10,24,61,7,0,0,0,0,0
2014/11/11,01,23,1,0,0,0,0,0
2014/11/11,02,14,1,0,0,0,0,0
2014/11/11,03,13,1,0,0,0,0,0
2014/11/11,04,11,1,0,0,0,0,0
2014/11/11,05,10,1,0,0,0,0,0
2014/11/11,06,10,1,0,0,0,0,0
2014/11/11,07,10,1,0,0,0,0,0
2014/11/11,08,10,1,0,0,0,0,0
2014/11/11,09,25,2,0,0,0,0,0
2014/11/11,10,48,2,0,0,0,0,0
2014/11/11,11,51,2,0,0,0,0,0
2014/11/11,12,54,3,0,0,0,0,0
2014/11/11,13,60,5,0,0,0,0,0
2014/11/11,14,61,6,0,0,0,0,0
2014/11/11,15,61,6,0,0,0,0,0
2014/11/11,16,61,7,0,0,0,0,0
2014/11/11,17,63,7,0,0,0,0,0
2014/11/11,18,67,6,0,0,0,0,0
2014/11/11,19,69,6,0,0,0,0,0
2014/11/11,20,69,7,0,0,0,0,0
2014/11/11,21,69,8,0,0,0,0,0
2014/11/11,22,67,7,0,0,0,0,0
2014/11/11,23,59,6,0,0,0,0,0
2014/11/11,24,47,3,0,0,0,0,0
2014/11/12,01,27,2,0,0,0,0,0
2014/11/12,02,31,1,0,0,0,0,0
2014/11/12,03,20,1,0,0,0,0,0
2014/11/12,04,10,1,0,0,0,0,0
2014/11/12,05,10,1,0,0,0,0,0
2014/11/12,06,10,1,0,0,0,0,0
2014/11/12,07,10,1,0,0,0,0,0
2014/11/12,08,11,1,0,0,0,0,0
2014/11/12,09,23,2,0,0,0,0,0
2014/11/12,10,47,2,0,0,0,0,0
2014/11/12,11,51,2,0,0,0,0,0
2014/11/12,12,54,2,0,0,0,0,0
2014/11/12,13,59,4,0,0,0,0,0
2014/11/12,14,59,5,0,0,0,0,0
2014/11/12,15,61,6,0,0,0,0,0
2014/11/12,16,62,7,0,0,0,0,0
2014/11/12,17,64,6,0,0,0,0,0
2014/11/12,18,67,7,0,0,0,0,0
2014/11/12,19,66,6,0,0,0,0,0
2014/11/12,20,70,6,0,0,0,0,0
2014/11/12,21,70,7,0,0,0,0,0
2014/11/12,22,65,5,0,0,0,0,0
2014/11/12,23,61,7,0,0,0,0,0
2014/11/12,24,44,3,0,0,0,0,0
2014/11/13,01,17,1,0,0,0,0,0
2014/11/13,02,14,1,0,0,0,0,0
2014/11/13,03,12,1,0,0,0,0,0
2014/11/13,04,10,1,0,0,0,0,0
2014/11/13,05,10,1,0,0,0,0,0
2014/11/13,06,10,1,0,0,0,0,0
2014/11/13,07,10,1,0,0,0,0,0
2014/11/13,08,10,1,0,0,0,0,0
2014/11/13,09,21,1,0,0,0,0,0
2014/11/13,10,47,3,0,0,0,0,0
2014/11/13,11,50,2,0,0,0,0,0
2014/11/13,12,55,2,0,0,0,0,0
2014/11/13,13,62,6,0,0,0,0,0
2014/11/13,14,65,9,0,0,0,0,0
2014/11/13,15,66,10,0,0,0,0,0
2014/11/13,16,66,11,0,0,0,0,0
2014/11/13,17,67,9,0,0,0,0,0
2014/11/13,18,68,7,0,0,0,0,0
2014/11/13,19,67,6,0,0,0,0,0
2014/11/13,20,67,6,0,0,0,0,0
2014/11/13,21,68,6,0,0,0,0,0
2014/11/13,22,64,5,0,0,0,0,0
2014/11/13,23,58,5,0,0,0,0,0
2014/11/13,24,44,2,0,0,0,0,0
2014/11/14,01,18,1,0,0,0,0,0
2014/11/14,02,14,1,0,0,0,0,0
2014/11/14,03,12,1,0,0,0,0,0
2014/11/14,04,10,1,0,0,0,0,0
2014/11/14,05,10,1,0,0,0,0,0
2014/11/14,06,10,1,0,0,0,0,0
2014/11/14,07,10,1,0,0,0,0,0
2014/11/14,08,10,1,0,0,0,0,0
2014/11/14,09,23,2,0,0,0,0,0
2014/11/14,10,46,2,0,0,0,0,0
2014/11/14,11,50,2,0,0,0,0,0
2014/11/14,12,53,2,0,0,0,0,0
2014/11/14,13,58,3,0,0,0,0,0
2014/11/14,14,58,5,0,0,0,0,0
2014/11/14,15,61,6,0,0,0,0,0
2014/11/14,16,61,7,0,0,0,0,0
2014/11/14,17,66,7,0,0,0,0,0
2014/11/14,18,69,6,0,0,0,0,0
2014/11/14,19,68,6,0,0,0,0,0
2014/11/14,20,69,6,0,0,0,0,0
2014/11/14,21,67,6,0,0,0,0,0
2014/11/14,22,67,6,0,0,0,0,0
2014/11/14,23,60,5,0,0,0,0,0
2014/11/14,24,50,2,0,0,0,0,0
2014/11/15,01,22,1,0,0,0,0,0
2014/11/15,02,16,1,0,0,0,0,0
2014/11/15,03,17,1,0,0,0,0,0
2014/11/15,04,15,1,0,0,0,0,0
2014/11/15,05,12,1,0,0,0,0,0
2014/11/15,06,11,1,0,0,0,0,0
2014/11/15,07,11,1,0,0,0,0,0
2014/11/15,08,14,1,0,0,0,0,0
2014/11/15,09,24,2,0,0,0,0,0
2014/11/15,10,47,2,0,0,0,0,0
2014/11/15,11,50,2,0,0,0,0,0
2014/11/15,12,54,2,0,0,0,0,0
2014/11/15,13,60,4,0,0,0,0,0
2014/11/15,14,62,7,0,0,0,0,0
2014/11/15,15,64,8,0,0,0,0,0
2014/11/15,16,64,7,0,0,0,0,0
2014/11/15,17,65,7,0,0,0,0,0
2014/11/15,18,68,6,0,0,0,0,0
2014/11/15,19,68,6,0,0,0,0,0
2014/11/15,20,69,6,0,0,0,0,0
2014/11/15,21,70,5,0,0,0,0,0
2014/11/15,22,67,5,0,0,0,0,0
2014/11/15,23,60,4,0,0,0,0,0
2014/11/15,24,50,2,0,0,0,0,0
2014/11/16,01,20,1,0,0,0,0,0
2014/11/16,02,17,1,0,0,0,0,0
2014/11/16,03,15,1,0,0,0,0,0
2014/11/16,04,14,1,0,0,0,0,0
2014/11/16,05,10,1,0,0,0,0,0
2014/11/16,06,10,1,0,0,0,0,0
2014/11/16,07,10,1,0,0,0,0,0
2014/11/16,08,10,1,0,0,0,0,0
2014/11/16,09,23,1,0,0,0,0,0
2014/11/16,10,48,2,0,0,0,0,0
2014/11/16,11,51,2,0,0,0,0,0
2014/11/16,12,55,2,0,0,0,0,0
2014/11/16,13,57,3,0,0,0,0,0
2014/11/16,14,60,5,0,0,0,0,0
2014/11/16,15,60,6,0,0,0,0,0
2014/11/16,16,61,6,0,0,0,0,0
2014/11/16,17,65,6,0,0,0,0,0
2014/11/16,18,68,6,0,0,0,0,0
2014/11/16,19,67,6,0,0,0,0,0
2014/11/16,20,69,6,0,0,0,0,0
2014/11/16,21,67,7,0,0,0,0,0
2014/11/16,22,67,6,0,0,0,0,0
2014/11/16,23,64,5,0,0,0,0,0
2014/11/16,24,59,6,0,0,0,0,0
2014/11/17,01,51,4,0,0,0,0,0
2014/11/17,02,14,1,0,0,0,0,0
2014/11/17,03,11,1,0,0,0,0,0
2014/11/17,04,10,1,0,0,0,0,0
2014/11/17,05,10,1,0,0,0,0,0
2014/11/17,06,10,1,0,0,0,0,0
2014/11/17,07,10,1,0,0,0,0,0
2014/11/17,08,11,1,0,0,0,0,0
2014/11/17,09,23,2,0,0,0,0,0
2014/11/17,10,46,2,0,0,0,0,0
2014/11/17,11,51,2,0,0,0,0,0
2014/11/17,12,56,2,0,0,0,0,0
2014/11/17,13,59,3,0,0,0,0,0
2014/11/17,14,59,4,0,0,0,0,0
2014/11/17,15,59,5,0,0,0,0,0
2014/11/17,16,60,5,0,0,0,0,0
2014/11/17,17,65,5,0,0,0,0,0
2014/11/17,18,67,5,0,0,0,0,0
2014/11/17,19,67,6,0,0,0,0,0
2014/11/17,20,67,6,0,0,0,0,0
2014/11/17,21,67,6,0,0,0,0,0
2014/11/17,22,65,6,0,0,0,0,0
2014/11/17,23,60,5,0,0,0,0,0
2014/11/17,24,56,4,0,0,0,0,0
2014/11/18,01,20,1,0,0,0,0,0
2014/11/18,02,15,1,0,0,0,0,0
2014/11/18,03,14,1,0,0,0,0,0
2014/11/18,04,12,1,0,0,0,0,0
2014/11/18,05,10,1,0,0,0,0,0
2014/11/18,06,10,1,0,0,0,0,0
2014/11/18,07,10,1,0,0,0,0,0
2014/11/18,08,10,1,0,0,0,0,0
2014/11/18,09,23,1,0,0,0,0,0
2014/11/18,10,48,2,0,0,0,0,0
2014/11/18,11,51,2,0,0,0,0,0
2014/11/18,12,55,2,0,0,0,0,0
2014/11/18,13,57,2,0,0,0,0,0
2014/11/18,14,60,4,0,0,0,0,0
2014/11/18,15,60,5,0,0,0,0,0
2014/11/18,16,60,5,0,0,0,0,0
2014/11/18,17,63,5,0,0,0,0,0
2014/11/18,18,71,9,0,0,0,0,0
2014/11/18,19,73,13,0,0,0,0,0
2014/11/18,20,74,12,0,0,0,0,0
2014/11/18,21,73,12,0,0,0,0,0
2014/11/18,22,74,12,0,0,0,0,0
2014/11/18,23,70,11,0,0,0,0,0
2014/11/18,24,56,7,0,0,0,0,0
2014/11/19,01,22,1,0,0,0,0,0
2014/11/19,02,15,1,0,0,0,0,0
2014/11/19,03,13,1,0,0,0,0,0
2014/11/19,04,10,1,0,0,0,0,0
2014/11/19,05,11,1,0,0,0,0,0
2014/11/19,06,11,1,0,0,0,0,0
2014/11/19,07,10,1,0,0,0,0,0
2014/11/19,08,11,1,0,0,0,0,0
2014/11/19,09,31,9,0,0,0,0,0
2014/11/19,10,58,15,0,0,0,0,0
2014/11/19,11,67,17,0,0,0,0,0
2014/11/19,12,63,10,0,0,0,0,0
2014/11/19,13,60,6,0,0,0,0,0
2014/11/19,14,60,5,0,0,0,0,0
2014/11/19,15,60,6,0,0,0,0,0
2014/11/19,16,62,8,0,0,0,0,0
2014/11/19,17,69,10,0,0,0,0,0
2014/11/19,18,69,8,0,0,0,0,0
2014/11/19,19,71,10,0,0,0,0,0
2014/11/19,20,74,13,0,0,0,0,0
2014/11/19,21,70,8,0,0,0,0,0
2014/11/19,22,71,10,0,0,0,0,0
2014/11/19,23,65,8,0,0,0,0,0
2014/11/19,24,53,7,0,0,0,0,0
2014/11/20,01,22,2,0,0,0,0,0
2014/11/20,02,15,1,0,0,0,0,0
2014/11/20,03,13,1,0,0,0,0,0
2014/11/20,04,12,1,0,0,0,0,0
2014/11/20,05,10,1,0,0,0,0,0
2014/11/20,06,9,1,0,0,0,0,0
2014/11/20,07,10,1,0,0,0,0,0
2014/11/20,08,10,1,0,0,0,0,0
2014/11/20,09,23,1,0,0,0,0,0
2014/11/20,10,57,11,0,0,0,0,0
2014/11/20,11,67,18,0,0,0,0,0
2014/11/20,12,66,13,0,0,0,0,0
2014/11/20,13,68,14,0,0,0,0,0
2014/11/20,14,65,11,0,0,0,0,0
2014/11/20,15,64,9,0,0,0,0,0
2014/11/20,16,64,9,0,0,0,0,0
2014/11/20,17,70,8,0,0,0,0,0
2014/11/20,18,70,8,0,0,0,0,0
2014/11/20,19,68,7,0,0,0,0,0
2014/11/20,20,73,12,0,0,0,0,0
2014/11/20,21,71,9,0,0,0,0,0
2014/11/20,22,69,9,0,0,0,0,0
2014/11/20,23,64,11,0,0,0,0,0
2014/11/20,24,45,3,0,0,0,0,0
2014/11/21,01,19,1,0,0,0,0,0
2014/11/21,02,14,1,0,0,0,0,0
2014/11/21,03,12,1,0,0,0,0,0
2014/11/21,04,11,1,0,0,0,0,0
2014/11/21,05,11,1,0,0,0,0,0
2014/11/21,06,11,1,0,0,0,0,0
2014/11/21,07,11,1,0,0,0,0,0
2014/11/21,08,11,1,0,0,0,0,0
2014/11/21,09,29,8,0,0,0,0,0
2014/11/21,10,56,11,0,0,0,0,0
2014/11/21,11,60,12,0,0,0,0,0
2014/11/21,12,59,7,0,0,0,0,0
2014/11/21,13,59,6,0,0,0,0,0
2014/11/21,14,62,7,0,0,0,0,0
2014/11/21,15,62,8,0,0,0,0,0
2014/11/21,16,71,14,0,0,0,0,0
2014/11/21,17,70,10,0,0,0,0,0
2014/11/21,18,77,14,0,0,0,0,0
2014/11/21,19,69,7,0,0,0,0,0
2014/11/21,20,73,9,0,0,0,0,0
2014/11/21,21,74,11,0,0,0,0,0
2014/11/21,22,71,8,0,0,0,0,0
2014/11/21,23,63,8,0,0,0,0,0
2014/11/21,24,48,4,0,0,0,0,0
2014/11/22,01,19,1,0,0,0,0,0
2014/11/22,02,18,1,0,0,0,0,0
2014/11/22,03,17,1,0,0,0,0,0
2014/11/22,04,13,1,0,0,0,0,0
2014/11/22,05,11,1,0,0,0,0,0
2014/11/22,06,11,1,0,0,0,0,0
2014/11/22,07,11,1,0,0,0,0,0
2014/11/22,08,13,1,0,0,0,0,0
2014/11/22,09,31,7,0,0,0,0,0
2014/11/22,10,56,13,0,0,0,0,0
2014/11/22,11,61,12,0,0,0,0,0
2014/11/22,12,60,8,0,0,0,0,0
2014/11/22,13,67,11,0,0,0,0,0
2014/11/22,14,65,10,0,0,0,0,0
2014/11/22,15,71,15,0,0,0,0,0
2014/11/22,16,70,14,0,0,0,0,0
2014/11/22,17,72,13,0,0,0,0,0
2014/11/22,18,75,15,0,0,0,0,0
2014/11/22,19,73,11,0,0,0,0,0
2014/11/22,20,71,9,0,0,0,0,0
2014/11/22,21,71,8,0,0,0,0,0
2014/11/22,22,69,8,0,0,0,0,0
2014/11/22,23,65,10,0,0,0,0,0
2014/11/22,24,51,4,0,0,0,0,0
2014/11/23,01,20,1,0,0,0,0,0
2014/11/23,02,18,1,0,0,0,0,0
2014/11/23,03,16,1,0,0,0,0,0
2014/11/23,04,13,1,0,0,0,0,0
2014/11/23,05,11,1,0,0,0,0,0
2014/11/23,06,11,1,0,0,0,0,0
2014/11/23,07,10,1,0,0,0,0,0
2014/11/23,08,10,1,0,0,0,0,0
2014/11/23,09,21,1,0,0,0,0,0
2014/11/23,10,45,1,0,0,0,0,0
2014/11/23,11,65,15,0,0,0,0,0
2014/11/23,12,65,8,0,0,0,0,0
2014/11/23,13,68,11,0,0,0,0,0
2014/11/23,14,69,13,0,0,0,0,0
2014/11/23,15,71,14,0,0,0,0,0
2014/11/23,16,73,15,0,0,0,0,0
2014/11/23,17,75,15,0,0,0,0,0
2014/11/23,18,75,13,0,0,0,0,0
2014/11/23,19,73,12,0,0,0,0,0
2014/11/23,20,76,13,0,0,0,0,0
2014/11/23,21,76,13,0,0,0,0,0
2014/11/23,22,75,13,0,0,0,0,0
2014/11/23,23,66,10,0,0,0,0,0
2014/11/23,24,55,8,0,0,0,0,0
2014/11/24,01,22,1,0,0,0,0,0
2014/11/24,02,17,1,0,0,0,0,0
2014/11/24,03,16,1,0,0,0,0,0
2014/11/24,04,13,1,0,0,0,0,0
2014/11/24,05,11,1,0,0,0,0,0
2014/11/24,06,11,1,0,0,0,0,0
2014/11/24,07,11,1,0,0,0,0,0
2014/11/24,08,11,1,0,0,0,0,0
2014/11/24,09,28,6,0,0,0,0,0
2014/11/24,10,57,10,0,0,0,0,0
2014/11/24,11,59,7,0,0,0,0,0
2014/11/24,12,61,7,0,0,0,0,0
2014/11/24,13,61,7,0,0,0,0,0
2014/11/24,14,68,12,0,0,0,0,0
2014/11/24,15,67,11,0,0,0,0,0
2014/11/24,16,66,8,0,0,0,0,0
2014/11/24,17,68,8,0,0,0,0,0
2014/11/24,18,72,9,0,0,0,0,0
2014/11/24,19,70,8,0,0,0,0,0
2014/11/24,20,71,8,0,0,0,0,0
2014/11/24,21,72,10,0,0,0,0,0
2014/11/24,22,67,7,0,0,0,0,0
2014/11/24,23,63,7,0,0,0,0,0
2014/11/24,24,52,5,0,0,0,0,0
2014/11/25,01,22,3,0,0,0,0,0
2014/11/25,02,14,1,0,0,0,0,0
2014/11/25,03,12,1,0,0,0,0,0
2014/11/25,04,10,1,0,0,0,0,0
2014/11/25,05,10,1,0,0,0,0,0
2014/11/25,06,10,1,0,0,0,0,0
2014/11/25,07,10,1,0,0,0,0,0
2014/11/25,08,10,1,0,0,0,0,0
2014/11/25,09,28,7,0,0,0,0,0
2014/11/25,10,62,16,0,0,0,0,0
2014/11/25,11,63,14,0,0,0,0,0
2014/11/25,12,61,9,0,0,0,0,0
2014/11/25,13,64,10,0,0,0,0,0
2014/11/25,14,59,5,0,0,0,0,0
2014/11/25,15,60,5,0,0,0,0,0
2014/11/25,16,64,6,0,0,0,0,0
2014/11/25,17,67,5,0,0,0,0,0
2014/11/25,18,67,5,0,0,0,0,0
2014/11/25,19,67,5,0,0,0,0,0
2014/11/25,20,67,5,0,0,0,0,0
2014/11/25,21,66,5,0,0,0,0,0
2014/11/25,22,65,6,0,0,0,0,0
2014/11/25,23,59,6,0,0,0,0,0
2014/11/25,24,49,2,0,0,0,0,0
2014/11/26,01,19,1,0,0,0,0,0
2014/11/26,02,15,1,0,0,0,0,0
2014/11/26,03,12,1,0,0,0,0,0
2014/11/26,04,10,1,0,0,0,0,0
2014/11/26,05,11,1,0,0,0,0,0
2014/11/26,06,11,1,0,0,0,0,0
2014/11/26,07,11,1,0,0,0,0,0
2014/11/26,08,11,1,0,0,0,0,0
2014/11/26,09,34,9,0,0,0,0,0
2014/11/26,10,56,11,0,0,0,0,0
2014/11/26,11,63,13,0,0,0,0,0
2014/11/26,12,70,15,0,0,0,0,0
2014/11/26,13,73,16,0,0,0,0,0
2014/11/26,14,71,13,0,0,0,0,0
2014/11/26,15,68,12,0,0,0,0,0
2014/11/26,16,71,12,0,0,0,0,0
2014/11/26,17,76,13,0,0,0,0,0
2014/11/26,18,77,13,0,0,0,0,0
2014/11/26,19,73,11,0,0,0,0,0
2014/11/26,20,75,11,0,0,0,0,0
2014/11/26,21,74,11,0,0,0,0,0
2014/11/26,22,74,12,0,0,0,0,0
2014/11/26,23,65,10,0,0,0,0,0
2014/11/26,24,54,6,0,0,0,0,0
2014/11/27,01,23,2,0,0,0,0,0
2014/11/27,02,15,1,0,0,0,0,0
2014/11/27,03,13,1,0,0,0,0,0
2014/11/27,04,10,1,0,0,0,0,0
2014/11/27,05,10,1,0,0,0,0,0
2014/11/27,06,10,1,0,0,0,0,0
2014/11/27,07,10,1,0,0,0,0,0
2014/11/27,08,10,1,0,0,0,0,0
2014/11/27,09,30,8,0,0,0,0,0
2014/11/27,10,59,14,0,0,0,0,0
2014/11/27,11,59,11,0,0,0,0,0
2014/11/27,12,60,8,0,0,0,0,0
2014/11/27,13,60,7,0,0,0,0,0
2014/11/27,14,60,6,0,0,0,0,0
2014/11/27,15,62,8,0,0,0,0,0
2014/11/27,16,63,9,0,0,0,0,0
2014/11/27,17,68,10,0,0,0,0,0
2014/11/27,18,70,9,0,0,0,0,0
2014/11/27,19,71,9,0,0,0,0,0
2014/11/27,20,72,11,0,0,0,0,0
2014/11/27,21,74,12,0,0,0,0,0
2014/11/27,22,72,12,0,0,0,0,0
2014/11/27,23,62,8,0,0,0,0,0
2014/11/27,24,45,3,0,0,0,0,0
2014/11/28,01,20,1,0,0,0,0,0
2014/11/28,02,16,1,0,0,0,0,0
2014/11/28,03,15,1,0,0,0,0,0
2014/11/28,04,11,1,0,0,0,0,0
2014/11/28,05,10,1,0,0,0,0,0
2014/11/28,06,10,1,0,0,0,0,0
2014/11/28,07,10,1,0,0,0,0,0
2014/11/28,08,10,1,0,0,0,0,0
2014/11/28,09,23,1,0,0,0,0,0
2014/11/28,10,57,11,0,0,0,0,0
2014/11/28,11,61,13,0,0,0,0,0
2014/11/28,12,60,7,0,0,0,0,0
2014/11/28,13,61,7,0,0,0,0,0
2014/11/28,14,63,8,0,0,0,0,0
2014/11/28,15,60,5,0,0,0,0,0
2014/11/28,16,66,7,0,0,0,0,0
2014/11/28,17,69,7,0,0,0,0,0
2014/11/28,18,71,9,0,0,0,0,0
2014/11/28,19,73,10,0,0,0,0,0
2014/11/28,20,72,10,0,0,0,0,0
2014/11/28,21,70,8,0,0,0,0,0
2014/11/28,22,70,7,0,0,0,0,0
2014/11/28,23,62,7,0,0,0,0,0
2014/11/28,24,47,2,0,0,0,0,0
2014/11/29,01,19,1,0,0,0,0,0
2014/11/29,02,16,1,0,0,0,0,0
2014/11/29,03,15,1,0,0,0,0,0
2014/11/29,04,12,1,0,0,0,0,0
2014/11/29,05,11,1,0,0,0,0,0
2014/11/29,06,11,1,0,0,0,0,0
2014/11/29,07,10,1,0,0,0,0,0
2014/11/29,08,11,1,0,0,0,0,0
2014/11/29,09,28,4,0,0,0,0,0
2014/11/29,10,59,12,0,0,0,0,0
2014/11/29,11,58,9,0,0,0,0,0
2014/11/29,12,63,10,0,0,0,0,0
2014/11/29,13,60,7,0,0,0,0,0
2014/11/29,14,68,13,0,0,0,0,0
2014/11/29,15,67,12,0,0,0,0,0
2014/11/29,16,65,9,0,0,0,0,0
2014/11/29,17,66,7,0,0,0,0,0
2014/11/29,18,69,7,0,0,0,0,0
2014/11/29,19,69,8,0,0,0,0,0
2014/11/29,20,70,8,0,0,0,0,0
2014/11/29,21,69,8,0,0,0,0,0
2014/11/29,22,72,11,0,0,0,0,0
2014/11/29,23,66,10,0,0,0,0,0
2014/11/29,24,56,8,0,0,0,0,0
2014/11/30,01,23,1,0,0,0,0,0
2014/11/30,02,17,1,0,0,0,0,0
2014/11/30,03,16,1,0,0,0,0,0
2014/11/30,04,14,1,0,0,0,0,0
2014/11/30,05,12,1,0,0,0,0,0
2014/11/30,06,11,1,0,0,0,0,0
2014/11/30,07,10,1,0,0,0,0,0
2014/11/30,08,11,1,0,0,0,0,0
2014/11/30,09,31,8,0,0,0,0,0
2014/11/30,10,53,7,0,0,0,0,0
2014/11/30,11,50,2,0,0,0,0,0
2014/11/30,12,60,5,0,0,0,0,0
2014/11/30,13,62,7,0,0,0,0,0
2014/11/30,14,66,11,0,0,0,0,0
2014/11/30,15,66,9,0,0,0,0,0
2014/11/30,16,63,5,0,0,0,0,0
2014/11/30,17,67,7,0,0,0,0,0
2014/11/30,18,72,10,0,0,0,0,0
2014/11/30,19,76,12,0,0,0,0,0
2014/11/30,20,77,15,0,0,0,0,0
2014/11/30,21,77,14,0,0,0,0,0
2014/11/30,22,74,13,0,0,0,0,0
2014/11/30,23,65,11,0,0,0,0,0
2014/11/30,24,55,8,0,0,0,0,0
2014/12/01,01,20,1,0,0,0,0,0
2014/12/01,02,13,1,0,0,0,0,0
2014/12/01,03,11,1,0,0,0,0,0
2014/12/01,04,10,1,0,0,0,0,0
2014/12/01,05,11,1,0,0,0,0,0
2014/12/01,06,11,1,0,0,0,0,0
2014/12/01,07,10,1,0,0,0,0,0
2014/12/01,08,11,1,0,0,0,0,0
2014/12/01,09,29,6,0,0,0,0,0
2014/12/01,10,52,7,0,0,0,0,0
2014/12/01,11,50,2,0,0,0,0,0
2014/12/01,12,56,4,0,0,0,0,0
2014/12/01,13,64,10,0,0,0,0,0
2014/12/01,14,63,8,0,0,0,0,0
2014/12/01,15,60,7,0,0,0,0,0
2014/12/01,16,61,8,0,0,0,0,0
2014/12/01,17,68,11,0,0,0,0,0
2014/12/01,18,69,9,0,0,0,0,0
2014/12/01,19,67,9,0,0,0,0,0
2014/12/01,20,67,8,0,0,0,0,0
2014/12/01,21,71,10,0,0,0,0,0
2014/12/01,22,68,9,0,0,0,0,0
2014/12/01,23,65,11,0,0,0,0,0
2014/12/01,24,45,1,0,0,0,0,0
2014/12/02,01,26,1,0,0,0,0,0
2014/12/02,02,21,1,0,0,0,0,0
2014/12/02,03,13,1,0,0,0,0,0
2014/12/02,04,10,1,0,0,0,0,0
2014/12/02,05,10,1,0,0,0,0,0
2014/12/02,06,10,1,0,0,0,0,0
2014/12/02,07,10,1,0,0,0,0,0
2014/12/02,08,10,1,0,0,0,0,0
2014/12/02,09,21,1,0,0,0,0,0
2014/12/02,10,54,8,0,0,0,0,0
2014/12/02,11,62,15,0,0,0,0,0
2014/12/02,12,63,12,0,0,0,0,0
2014/12/02,13,67,12,0,0,0,0,0
2014/12/02,14,62,8,0,0,0,0,0
2014/12/02,15,65,10,0,0,0,0,0
2014/12/02,16,64,10,0,0,0,0,0
2014/12/02,17,63,6,0,0,0,0,0
2014/12/02,18,71,9,0,0,0,0,0
2014/12/02,19,72,11,0,0,0,0,0
2014/12/02,20,75,15,0,0,0,0,0
2014/12/02,21,77,16,0,0,0,0,0
2014/12/02,22,79,18,0,0,0,0,0
2014/12/02,23,71,17,0,0,0,0,0
2014/12/02,24,58,11,0,0,0,0,0
2014/12/03,01,25,3,0,0,0,0,0
2014/12/03,02,15,1,0,0,0,0,0
2014/12/03,03,12,1,0,0,0,0,0
2014/12/03,04,11,1,0,0,0,0,0
2014/12/03,05,11,1,0,0,0,0,0
2014/12/03,06,11,1,0,0,0,0,0
2014/12/03,07,11,1,0,0,0,0,0
2014/12/03,08,11,1,0,0,0,0,0
2014/12/03,09,31,9,0,0,0,0,0
2014/12/03,10,57,13,0,0,0,0,0
2014/12/03,11,69,18,0,0,0,0,0
2014/12/03,12,67,13,0,0,0,0,0
2014/12/03,13,69,14,0,0,0,0,0
2014/12/03,14,71,16,0,0,0,0,0
2014/12/03,15,69,13,0,0,0,0,0
2014/12/03,16,68,12,0,0,0,0,0
2014/12/03,17,72,10,0,0,0,0,0
2014/12/03,18,78,14,0,0,0,0,0
2014/12/03,19,77,14,0,0,0,0,0
2014/12/03,20,78,14,0,0,0,0,0
2014/12/03,21,78,13,0,0,0,0,0
2014/12/03,22,76,13,0,0,0,0,0
2014/12/03,23,75,15,0,0,0,0,0
2014/12/03,24,66,16,0,0,0,0,0
2014/12/04,01,36,4,0,0,0,0,0
2014/12/04,02,32,1,0,0,0,0,0
2014/12/04,03,31,1,0,0,0,0,0
2014/12/04,04,27,1,0,0,0,0,0
2014/12/04,05,16,1,0,0,0,0,0
2014/12/04,06,11,1,0,0,0,0,0
2014/12/04,07,11,1,0,0,0,0,0
2014/12/04,08,11,1,0,0,0,0,0
2014/12/04,09,31,8,0,0,0,0,0
2014/12/04,10,61,15,0,0,0,0,0
2014/12/04,11,68,18,0,0,0,0,0
2014/12/04,12,67,11,0,0,0,0,0
2014/12/04,13,72,14,0,0,0,0,0
2014/12/04,14,67,10,0,0,0,0,0
2014/12/04,15,67,10,0,0,0,0,0
2014/12/04,16,64,6,0,0,0,0,0
2014/12/04,17,77,15,0,0,0,0,0
2014/12/04,18,76,12,0,0,0,0,0
2014/12/04,19,77,15,0,0,0,0,0
2014/12/04,20,77,12,0,0,0,0,0
2014/12/04,21,80,14,0,0,0,0,0
2014/12/04,22,74,11,0,0,0,0,0
2014/12/04,23,67,11,0,0,0,0,0
2014/12/04,24,46,1,0,0,0,0,0
2014/12/05,01,22,1,0,0,0,0,0
2014/12/05,02,15,1,0,0,0,0,0
2014/12/05,03,14,1,0,0,0,0,0
2014/12/05,04,12,1,0,0,0,0,0
2014/12/05,05,11,1,0,0,0,0,0
2014/12/05,06,11,1,0,0,0,0,0
2014/12/05,07,11,1,0,0,0,0,0
2014/12/05,08,11,1,0,0,0,0,0
2014/12/05,09,30,7,0,0,0,0,0
2014/12/05,10,60,14,0,0,0,0,0
2014/12/05,11,63,13,0,0,0,0,0
2014/12/05,12,72,17,0,0,0,0,0
2014/12/05,13,71,16,0,0,0,0,0
2014/12/05,14,68,11,0,0,0,0,0
2014/12/05,15,67,10,0,0,0,0,0
2014/12/05,16,69,13,0,0,0,0,0
2014/12/05,17,75,14,0,0,0,0,0
2014/12/05,18,77,13,0,0,0,0,0
2014/12/05,19,75,11,0,0,0,0,0
2014/12/05,20,76,10,0,0,0,0,0
2014/12/05,21,76,11,0,0,0,0,0
2014/12/05,22,80,16,0,0,0,0,0
2014/12/05,23,72,13,0,0,0,0,0
2014/12/05,24,48,1,0,0,0,0,0
2014/12/06,01,20,1,0,0,0,0,0
2014/12/06,02,18,1,0,0,0,0,0
2014/12/06,03,16,1,0,0,0,0,0
2014/12/06,04,13,1,0,0,0,0,0
2014/12/06,05,12,1,0,0,0,0,0
2014/12/06,06,12,1,0,0,0,0,0
2014/12/06,07,12,1,0,0,0,0,0
2014/12/06,08,12,1,0,0,0,0,0
2014/12/06,09,31,8,0,0,0,0,0
2014/12/06,10,65,19,0,0,0,0,0
2014/12/06,11,74,22,0,0,0,0,0
2014/12/06,12,74,18,0,0,0,0,0
2014/12/06,13,75,18,0,0,0,0,0
2014/12/06,14,71,12,0,0,0,0,0
2014/12/06,15,71,13,0,0,0,0,0
2014/12/06,16,70,12,0,0,0,0,0
2014/12/06,17,75,13,0,0,0,0,0
2014/12/06,18,77,11,0,0,0,0,0
2014/12/06,19,77,12,0,0,0,0,0
2014/12/06,20,77,11,0,0,0,0,0
2014/12/06,21,80,11,0,0,0,0,0
2014/12/06,22,75,7,0,0,0,0,0
2014/12/06,23,69,8,0,0,0,0,0
2014/12/06,24,61,10,0,0,0,0,0
2014/12/07,01,22,1,0,0,0,0,0
2014/12/07,02,20,1,0,0,0,0,0
2014/12/07,03,18,1,0,0,0,0,0
2014/12/07,04,15,1,0,0,0,0,0
2014/12/07,05,13,1,0,0,0,0,0
2014/12/07,06,12,1,0,0,0,0,0
2014/12/07,07,12,1,0,0,0,0,0
2014/12/07,08,12,1,0,0,0,0,0
2014/12/07,09,35,10,0,0,0,0,0
2014/12/07,10,60,14,0,0,0,0,0
2014/12/07,11,73,22,0,0,0,0,0
2014/12/07,12,73,16,0,0,0,0,0
2014/12/07,13,72,14,0,0,0,0,0
2014/12/07,14,73,14,0,0,0,0,0
2014/12/07,15,74,15,0,0,0,0,0
2014/12/07,16,72,13,0,0,0,0,0
2014/12/07,17,76,13,0,0,0,0,0
2014/12/07,18,76,12,0,0,0,0,0
2014/12/07,19,79,15,0,0,0,0,0
2014/12/07,20,79,14,0,0,0,0,0
2014/12/07,21,81,14,0,0,0,0,0
2014/12/07,22,81,15,0,0,0,0,0
2014/12/07,23,72,13,0,0,0,0,0
2014/12/07,24,64,6,0,0,0,0,0
2014/12/08,01,57,2,0,0,0,0,0
2014/12/08,02,15,1,0,0,0,0,0
2014/12/08,03,12,1,0,0,0,0,0
2014/12/08,04,11,1,0,0,0,0,0
2014/12/08,05,11,1,0,0,0,0,0
2014/12/08,06,12,1,0,0,0,0,0
2014/12/08,07,12,1,0,0,0,0,0
2014/12/08,08,12,1,0,0,0,0,0
2014/12/08,09,35,7,0,0,0,0,0
2014/12/08,10,64,18,0,0,0,0,0
2014/12/08,11,72,21,0,0,0,0,0
2014/12/08,12,69,12,0,0,0,0,0
2014/12/08,13,69,11,0,0,0,0,0
2014/12/08,14,74,16,0,0,0,0,0
2014/12/08,15,74,16,0,0,0,0,0
2014/12/08,16,72,14,0,0,0,0,0
2014/12/08,17,75,14,0,0,0,0,0
2014/12/08,18,78,14,0,0,0,0,0
2014/12/08,19,76,12,0,0,0,0,0
2014/12/08,20,79,13,0,0,0,0,0
2014/12/08,21,81,15,0,0,0,0,0
2014/12/08,22,83,18,0,0,0,0,0
2014/12/08,23,71,12,0,0,0,0,0
2014/12/08,24,46,1,0,0,0,0,0
2014/12/09,01,19,1,0,0,0,0,0
2014/12/09,02,15,1,0,0,0,0,0
2014/12/09,03,12,1,0,0,0,0,0
2014/12/09,04,11,1,0,0,0,0,0
2014/12/09,05,10,1,0,0,0,0,0
2014/12/09,06,10,1,0,0,0,0,0
2014/12/09,07,10,1,0,0,0,0,0
2014/12/09,08,11,1,0,0,0,0,0
2014/12/09,09,34,10,0,0,0,0,0
2014/12/09,10,64,18,0,0,0,0,0
2014/12/09,11,72,19,0,0,0,0,0
2014/12/09,12,70,14,0,0,0,0,0
2014/12/09,13,70,12,0,0,0,0,0
2014/12/09,14,70,13,0,0,0,0,0
2014/12/09,15,72,13,0,0,0,0,0
2014/12/09,16,71,12,0,0,0,0,0
2014/12/09,17,77,14,0,0,0,0,0
2014/12/09,18,81,16,0,0,0,0,0
2014/12/09,19,80,14,0,0,0,0,0
2014/12/09,20,84,18,0,0,0,0,0
2014/12/09,21,84,18,0,0,0,0,0
2014/12/09,22,77,12,0,0,0,0,0
2014/12/09,23,69,11,0,0,0,0,0
2014/12/09,24,65,9,0,0,0,0,0
2014/12/10,01,37,3,0,0,0,0,0
2014/12/10,02,15,1,0,0,0,0,0
2014/12/10,03,14,1,0,0,0,0,0
2014/12/10,04,12,1,0,0,0,0,0
2014/12/10,05,11,1,0,0,0,0,0
2014/12/10,06,11,1,0,0,0,0,0
2014/12/10,07,12,1,0,0,0,0,0
2014/12/10,08,12,1,0,0,0,0,0
2014/12/10,09,32,10,0,0,0,0,0
2014/12/10,10,62,17,0,0,0,0,0
2014/12/10,11,74,20,0,0,0,0,0
2014/12/10,12,72,16,0,0,0,0,0
2014/12/10,13,69,10,0,0,0,0,0
2014/12/10,14,67,9,0,0,0,0,0
2014/12/10,15,68,9,0,0,0,0,0
2014/12/10,16,71,13,0,0,0,0,0
2014/12/10,17,76,13,0,0,0,0,0
2014/12/10,18,77,12,0,0,0,0,0
2014/12/10,19,77,11,0,0,0,0,0
2014/12/10,20,78,11,0,0,0,0,0
2014/12/10,21,80,14,0,0,0,0,0
2014/12/10,22,77,12,0,0,0,0,0
2014/12/10,23,68,10,0,0,0,0,0
2014/12/10,24,48,1,0,0,0,0,0
2014/12/11,01,26,1,0,0,0,0,0
2014/12/11,02,15,1,0,0,0,0,0
2014/12/11,03,12,1,0,0,0,0,0
2014/12/11,04,11,1,0,0,0,0,0
2014/12/11,05,11,1,0,0,0,0,0
2014/12/11,06,11,1,0,0,0,0,0
2014/12/11,07,11,1,0,0,0,0,0
2014/12/11,08,12,1,0,0,0,0,0
2014/12/11,09,24,1,0,0,0,0,0
2014/12/11,10,57,10,0,0,0,0,0
2014/12/11,11,67,16,0,0,0,0,0
2014/12/11,12,67,12,0,0,0,0,0
2014/12/11,13,67,9,0,0,0,0,0
2014/12/11,14,65,6,0,0,0,0,0
2014/12/11,15,68,9,0,0,0,0,0
2014/12/11,16,71,12,0,0,0,0,0
2014/12/11,17,79,13,0,0,0,0,0
2014/12/11,18,80,14,0,0,0,0,0
2014/12/11,19,77,12,0,0,0,0,0
2014/12/11,20,78,12,0,0,0,0,0
2014/12/11,21,79,12,0,0,0,0,0
2014/12/11,22,76,11,0,0,0,0,0
2014/12/11,23,68,10,0,0,0,0,0
2014/12/11,24,45,1,0,0,0,0,0
2014/12/12,01,19,1,0,0,0,0,0
2014/12/12,02,15,1,0,0,0,0,0
2014/12/12,03,12,1,0,0,0,0,0
2014/12/12,04,11,1,0,0,0,0,0
2014/12/12,05,11,1,0,0,0,0,0
2014/12/12,06,11,1,0,0,0,0,0
2014/12/12,07,12,1,0,0,0,0,0
2014/12/12,08,12,1,0,0,0,0,0
2014/12/12,09,28,7,0,0,0,0,0
2014/12/12,10,59,14,0,0,0,0,0
2014/12/12,11,64,13,0,0,0,0,0
2014/12/12,12,69,14,0,0,0,0,0
2014/12/12,13,72,15,0,0,0,0,0
2014/12/12,14,71,13,0,0,0,0,0
2014/12/12,15,71,15,0,0,0,0,0
2014/12/12,16,72,15,0,0,0,0,0
2014/12/12,17,77,14,0,0,0,0,0
2014/12/12,18,80,15,0,0,0,0,0
2014/12/12,19,81,16,0,0,0,0,0
2014/12/12,20,80,14,0,0,0,0,0
2014/12/12,21,80,14,0,0,0,0,0
2014/12/12,22,75,11,0,0,0,0,0
2014/12/12,23,65,7,0,0,0,0,0
2014/12/12,24,49,1,0,0,0,0,0
2014/12/13,01,20,1,0,0,0,0,0
2014/12/13,02,18,1,0,0,0,0,0
2014/12/13,03,17,1,0,0,0,0,0
2014/12/13,04,14,1,0,0,0,0,0
2014/12/13,05,12,1,0,0,0,0,0
2014/12/13,06,12,1,0,0,0,0,0
2014/12/13,07,12,1,0,0,0,0,0
2014/12/13,08,15,1,0,0,0,0,0
2014/12/13,09,34,9,0,0,0,0,0
2014/12/13,10,64,18,0,0,0,0,0
2014/12/13,11,68,16,0,0,0,0,0
2014/12/13,12,69,13,0,0,0,0,0
2014/12/13,13,70,13,0,0,0,0,0
2014/12/13,14,71,15,0,0,0,0,0
2014/12/13,15,69,12,0,0,0,0,0
2014/12/13,16,67,10,0,0,0,0,0
2014/12/13,17,70,8,0,0,0,0,0
2014/12/13,18,77,12,0,0,0,0,0
2014/12/13,19,76,13,0,0,0,0,0
2014/12/13,20,79,14,0,0,0,0,0
2014/12/13,21,77,9,0,0,0,0,0
2014/12/13,22,74,9,0,0,0,0,0
2014/12/13,23,67,9,0,0,0,0,0
2014/12/13,24,65,14,0,0,0,0,0
2014/12/14,01,30,4,0,0,0,0,0
2014/12/14,02,18,1,0,0,0,0,0
2014/12/14,03,18,1,0,0,0,0,0
2014/12/14,04,14,1,0,0,0,0,0
2014/12/14,05,12,1,0,0,0,0,0
2014/12/14,06,11,1,0,0,0,0,0
2014/12/14,07,12,1,0,0,0,0,0
2014/12/14,08,12,1,0,0,0,0,0
2014/12/14,09,35,10,0,0,0,0,0
2014/12/14,10,61,15,0,0,0,0,0
2014/12/14,11,68,19,0,0,0,0,0
2014/12/14,12,73,17,0,0,0,0,0
2014/12/14,13,72,15,0,0,0,0,0
2014/12/14,14,71,13,0,0,0,0,0
2014/12/14,15,69,12,0,0,0,0,0
2014/12/14,16,72,13,0,0,0,0,0
2014/12/14,17,80,17,0,0,0,0,0
2014/12/14,18,81,15,0,0,0,0,0
2014/12/14,19,80,14,0,0,0,0,0
2014/12/14,20,86,17,0,0,0,0,0
2014/12/14,21,84,16,0,0,0,0,0
2014/12/14,22,77,16,0,0,0,0,0
2014/12/14,23,67,12,0,0,0,0,0
2014/12/14,24,66,11,0,0,0,0,0
2014/12/15,01,68,11,0,0,0,0,0
2014/12/15,02,54,1,0,0,0,0,0
2014/12/15,03,45,1,0,0,0,0,0
2014/12/15,04,30,1,0,0,0,0,0
2014/12/15,05,30,1,0,0,0,0,0
2014/12/15,06,30,1,0,0,0,0,0
2014/12/15,07,36,1,0,0,0,0,0
2014/12/15,08,61,13,0,0,0,0,0
2014/12/15,09,62,13,0,0,0,0,0
2014/12/15,10,62,13,0,0,0,0,0
2014/12/15,11,70,17,0,0,0,0,0
2014/12/15,12,70,11,0,0,0,0,0
2014/12/15,13,70,10,0,0,0,0,0
2014/12/15,14,70,10,0,0,0,0,0
2014/12/15,15,68,9,0,0,0,0,0
2014/12/15,16,69,9,0,0,0,0,0
2014/12/15,17,74,11,0,0,0,0,0
2014/12/15,18,79,13,0,0,0,0,0
2014/12/15,19,81,17,0,0,0,0,0
2014/12/15,20,80,14,0,0,0,0,0
2014/12/15,21,79,14,0,0,0,0,0
2014/12/15,22,78,14,0,0,0,0,0
2014/12/15,23,70,12,0,0,0,0,0
2014/12/15,24,50,1,0,0,0,0,0
2014/12/16,01,21,1,0,0,0,0,0
2014/12/16,02,18,1,0,0,0,0,0
2014/12/16,03,13,1,0,0,0,0,0
2014/12/16,04,11,1,0,0,0,0,0
2014/12/16,05,11,1,0,0,0,0,0
2014/12/16,06,11,1,0,0,0,0,0
2014/12/16,07,11,1,0,0,0,0,0
2014/12/16,08,11,1,0,0,0,0,0
2014/12/16,09,32,9,0,0,0,0,0
2014/12/16,10,66,19,0,0,0,0,0
2014/12/16,11,76,24,0,0,0,0,0
2014/12/16,12,75,17,0,0,0,0,0
2014/12/16,13,72,14,0,0,0,0,0
2014/12/16,14,72,13,0,0,0,0,0
2014/12/16,15,71,12,0,0,0,0,0
2014/12/16,16,73,13,0,0,0,0,0
2014/12/16,17,82,15,0,0,0,0,0
2014/12/16,18,84,18,0,0,0,0,0
2014/12/16,19,81,17,0,0,0,0,0
2014/12/16,20,84,19,0,0,0,0,0
2014/12/16,21,86,20,0,0,0,0,0
2014/12/16,22,83,19,0,0,0,0,0
2014/12/16,23,74,16,0,0,0,0,0
2014/12/16,24,60,6,0,0,0,0,0
2014/12/17,01,23,2,0,0,0,0,0
2014/12/17,02,14,1,0,0,0,0,0
2014/12/17,03,13,1,0,0,0,0,0
2014/12/17,04,12,1,0,0,0,0,0
2014/12/17,05,12,1,0,0,0,0,0
2014/12/17,06,12,1,0,0,0,0,0
2014/12/17,07,12,1,0,0,0,0,0
2014/12/17,08,12,1,0,0,0,0,0
2014/12/17,09,33,10,0,0,0,0,0
2014/12/17,10,64,17,0,0,0,0,0
2014/12/17,11,73,20,0,0,0,0,0
2014/12/17,12,75,18,0,0,0,0,0
2014/12/17,13,74,16,0,0,0,0,0
2014/12/17,14,71,14,0,0,0,0,0
2014/12/17,15,72,14,0,0,0,0,0
2014/12/17,16,72,13,0,0,0,0,0
2014/12/17,17,78,14,0,0,0,0,0
2014/12/17,18,83,18,0,0,0,0,0
2014/12/17,19,80,16,0,0,0,0,0
2014/12/17,20,80,15,0,0,0,0,0
2014/12/17,21,81,14,0,0,0,0,0
2014/12/17,22,80,14,0,0,0,0,0
2014/12/17,23,76,17,0,0,0,0,0
2014/12/17,24,65,17,0,0,0,0,0
2014/12/18,01,25,3,0,0,0,0,0
2014/12/18,02,16,1,0,0,0,0,0
2014/12/18,03,14,1,0,0,0,0,0
2014/12/18,04,12,1,0,0,0,0,0
2014/12/18,05,11,1,0,0,0,0,0
2014/12/18,06,12,1,0,0,0,0,0
2014/12/18,07,12,1,0,0,0,0,0
2014/12/18,08,13,1,0,0,0,0,0
2014/12/18,09,32,9,0,0,0,0,0
2014/12/18,10,67,20,0,0,0,0,0
2014/12/18,11,79,26,0,0,0,0,0
2014/12/18,12,82,24,0,0,0,0,0
2014/12/18,13,83,24,0,0,0,0,0
2014/12/18,14,85,25,0,0,0,0,0
2014/12/18,15,84,25,0,0,0,0,0
2014/12/18,16,83,23,0,0,0,0,0
2014/12/18,17,86,23,0,0,0,0,0
2014/12/18,18,89,23,0,0,0,0,0
2014/12/18,19,85,19,0,0,0,0,0
2014/12/18,20,88,22,0,0,0,0,0
2014/12/18,21,88,21,0,0,0,0,0
2014/12/18,22,81,14,0,0,0,0,0
2014/12/18,23,73,15,0,0,0,0,0
2014/12/18,24,49,1,0,0,0,0,0
2014/12/19,01,22,1,0,0,0,0,0
2014/12/19,02,17,1,0,0,0,0,0
2014/12/19,03,14,1,0,0,0,0,0
2014/12/19,04,12,1,0,0,0,0,0
2014/12/19,05,12,1,0,0,0,0,0
2014/12/19,06,12,1,0,0,0,0,0
2014/12/19,07,12,1,0,0,0,0,0
2014/12/19,08,16,1,0,0,0,0,0
2014/12/19,09,34,10,0,0,0,0,0
2014/12/19,10,68,22,0,0,0,0,0
2014/12/19,11,78,25,0,0,0,0,0
2014/12/19,12,77,21,0,0,0,0,0
2014/12/19,13,75,17,0,0,0,0,0
2014/12/19,14,74,15,0,0,0,0,0
2014/12/19,15,71,13,0,0,0,0,0
2014/12/19,16,71,11,0,0,0,0,0
2014/12/19,17,78,14,0,0,0,0,0
2014/12/19,18,79,13,0,0,0,0,0
2014/12/19,19,76,10,0,0,0,0,0
2014/12/19,20,76,10,0,0,0,0,0
2014/12/19,21,78,11,0,0,0,0,0
2014/12/19,22,77,10,0,0,0,0,0
2014/12/19,23,70,10,0,0,0,0,0
2014/12/19,24,46,1,0,0,0,0,0
2014/12/20,01,21,1,0,0,0,0,0
2014/12/20,02,17,1,0,0,0,0,0
2014/12/20,03,16,1,0,0,0,0,0
2014/12/20,04,13,1,0,0,0,0,0
2014/12/20,05,11,1,0,0,0,0,0
2014/12/20,06,11,1,0,0,0,0,0
2014/12/20,07,10,1,0,0,0,0,0
2014/12/20,08,11,1,0,0,0,0,0
2014/12/20,09,33,10,0,0,0,0,0
2014/12/20,10,66,19,0,0,0,0,0
2014/12/20,11,74,22,0,0,0,0,0
2014/12/20,12,75,18,0,0,0,0,0
2014/12/20,13,74,16,0,0,0,0,0
2014/12/20,14,72,14,0,0,0,0,0
2014/12/20,15,72,13,0,0,0,0,0
2014/12/20,16,72,11,0,0,0,0,0
2014/12/20,17,80,12,0,0,0,0,0
2014/12/20,18,81,14,0,0,0,0,0
2014/12/20,19,79,14,0,0,0,0,0
2014/12/20,20,79,14,0,0,0,0,0
2014/12/20,21,78,14,0,0,0,0,0
2014/12/20,22,77,11,0,0,0,0,0
2014/12/20,23,70,10,0,0,0,0,0
2014/12/20,24,65,11,0,0,0,0,0
2014/12/21,01,21,1,0,0,0,0,0
2014/12/21,02,18,1,0,0,0,0,0
2014/12/21,03,16,1,0,0,0,0,0
2014/12/21,04,13,1,0,0,0,0,0
2014/12/21,05,12,1,0,0,0,0,0
2014/12/21,06,11,1,0,0,0,0,0
2014/12/21,07,12,1,0,0,0,0,0
2014/12/21,08,12,1,0,0,0,0,0
2014/12/21,09,23,1,0,0,0,0,0
2014/12/21,10,59,13,0,0,0,0,0
2014/12/21,11,70,19,0,0,0,0,0
2014/12/21,12,68,15,0,0,0,0,0
2014/12/21,13,70,13,0,0,0,0,0
2014/12/21,14,68,12,0,0,0,0,0
2014/12/21,15,68,11,0,0,0,0,0
2014/12/21,16,71,12,0,0,0,0,0
2014/12/21,17,75,12,0,0,0,0,0
2014/12/21,18,77,12,0,0,0,0,0
2014/12/21,19,75,10,0,0,0,0,0
2014/12/21,20,75,10,0,0,0,0,0
2014/12/21,21,77,12,0,0,0,0,0
2014/12/21,22,74,10,0,0,0,0,0
2014/12/21,23,64,6,0,0,0,0,0
2014/12/21,24,59,5,0,0,0,0,0
2014/12/22,01,21,1,0,0,0,0,0
2014/12/22,02,13,1,0,0,0,0,0
2014/12/22,03,11,1,0,0,0,0,0
2014/12/22,04,11,1,0,0,0,0,0
2014/12/22,05,11,1,0,0,0,0,0
2014/12/22,06,11,1,0,0,0,0,0
2014/12/22,07,11,1,0,0,0,0,0
2014/12/22,08,12,1,0,0,0,0,0
2014/12/22,09,29,7,0,0,0,0,0
2014/12/22,10,60,14,0,0,0,0,0
2014/12/22,11,64,12,0,0,0,0,0
2014/12/22,12,67,10,0,0,0,0,0
2014/12/22,13,66,8,0,0,0,0,0
2014/12/22,14,66,8,0,0,0,0,0
2014/12/22,15,67,8,0,0,0,0,0
2014/12/22,16,67,8,0,0,0,0,0
2014/12/22,17,74,10,0,0,0,0,0
2014/12/22,18,82,13,0,0,0,0,0
2014/12/22,19,79,12,0,0,0,0,0
2014/12/22,20,78,12,0,0,0,0,0
2014/12/22,21,80,13,0,0,0,0,0
2014/12/22,22,79,13,0,0,0,0,0
2014/12/22,23,70,10,0,0,0,0,0
2014/12/22,24,53,3,0,0,0,0,0
2014/12/23,01,23,1,0,0,0,0,0
2014/12/23,02,17,1,0,0,0,0,0
2014/12/23,03,15,1,0,0,0,0,0
2014/12/23,04,12,1,0,0,0,0,0
2014/12/23,05,11,1,0,0,0,0,0
2014/12/23,06,11,1,0,0,0,0,0
2014/12/23,07,12,1,0,0,0,0,0
2014/12/23,08,12,1,0,0,0,0,0
2014/12/23,09,27,3,0,0,0,0,0
2014/12/23,10,69,19,0,0,0,0,0
2014/12/23,11,74,17,0,0,0,0,0
2014/12/23,12,70,11,0,0,0,0,0
2014/12/23,13,67,8,0,0,0,0,0
2014/12/23,14,70,11,0,0,0,0,0
2014/12/23,15,67,8,0,0,0,0,0
2014/12/23,16,70,10,0,0,0,0,0
2014/12/23,17,71,6,0,0,0,0,0
2014/12/23,18,74,7,0,0,0,0,0
2014/12/23,19,72,6,0,0,0,0,0
2014/12/23,20,73,8,0,0,0,0,0
2014/12/23,21,74,9,0,0,0,0,0
2014/12/23,22,75,10,0,0,0,0,0
2014/12/23,23,65,8,0,0,0,0,0
2014/12/23,24,53,5,0,0,0,0,0
2014/12/24,01,19,1,0,0,0,0,0
2014/12/24,02,15,1,0,0,0,0,0
2014/12/24,03,12,1,0,0,0,0,0
2014/12/24,04,11,1,0,0,0,0,0
2014/12/24,05,11,1,0,0,0,0,0
2014/12/24,06,11,1,0,0,0,0,0
2014/12/24,07,12,1,0,0,0,0,0
2014/12/24,08,11,1,0,0,0,0,0
2014/12/24,09,31,9,0,0,0,0,0
2014/12/24,10,64,18,0,0,0,0,0
2014/12/24,11,71,18,0,0,0,0,0
2014/12/24,12,71,14,0,0,0,0,0
2014/12/24,13,68,10,0,0,0,0,0
2014/12/24,14,70,11,0,0,0,0,0
2014/12/24,15,69,11,0,0,0,0,0
2014/12/24,16,68,10,0,0,0,0,0
2014/12/24,17,72,9,0,0,0,0,0
2014/12/24,18,73,9,0,0,0,0,0
2014/12/24,19,75,10,0,0,0,0,0
2014/12/24,20,77,10,0,0,0,0,0
2014/12/24,21,77,10,0,0,0,0,0
2014/12/24,22,76,10,0,0,0,0,0
2014/12/24,23,73,12,0,0,0,0,0
2014/12/24,24,53,5,0,0,0,0,0
2014/12/25,01,23,1,0,0,0,0,0
2014/12/25,02,15,1,0,0,0,0,0
2014/12/25,03,14,1,0,0,0,0,0
2014/12/25,04,11,1,0,0,0,0,0
2014/12/25,05,11,1,0,0,0,0,0
2014/12/25,06,11,1,0,0,0,0,0
2014/12/25,07,12,1,0,0,0,0,0
2014/12/25,08,12,1,0,0,0,0,0
2014/12/25,09,24,1,0,0,0,0,0
2014/12/25,10,55,9,0,0,0,0,0
2014/12/25,11,70,17,0,0,0,0,0
2014/12/25,12,71,13,0,0,0,0,0
2014/12/25,13,73,13,0,0,0,0,0
2014/12/25,14,71,13,0,0,0,0,0
2014/12/25,15,73,13,0,0,0,0,0
2014/12/25,16,72,12,0,0,0,0,0
2014/12/25,17,80,14,0,0,0,0,0
2014/12/25,18,79,12,0,0,0,0,0
2014/12/25,19,80,14,0,0,0,0,0
2014/12/25,20,79,11,0,0,0,0,0
2014/12/25,21,80,12,0,0,0,0,0
2014/12/25,22,80,12,0,0,0,0,0
2014/12/25,23,71,10,0,0,0,0,0
2014/12/25,24,51,1,0,0,0,0,0
2014/12/26,01,21,1,0,0,0,0,0
2014/12/26,02,14,1,0,0,0,0,0
2014/12/26,03,13,1,0,0,0,0,0
2014/12/26,04,11,1,0,0,0,0,0
2014/12/26,05,11,1,0,0,0,0,0
2014/12/26,06,11,1,0,0,0,0,0
2014/12/26,07,11,1,0,0,0,0,0
2014/12/26,08,11,1,0,0,0,0,0
2014/12/26,09,33,8,0,0,0,0,0
2014/12/26,10,69,21,0,0,0,0,0
2014/12/26,11,77,24,0,0,0,0,0
2014/12/26,12,74,17,0,0,0,0,0
2014/12/26,13,70,11,0,0,0,0,0
2014/12/26,14,70,11,0,0,0,0,0
2014/12/26,15,66,7,0,0,0,0,0
2014/12/26,16,67,7,0,0,0,0,0
2014/12/26,17,71,7,0,0,0,0,0
2014/12/26,18,74,7,0,0,0,0,0
2014/12/26,19,75,7,0,0,0,0,0
2014/12/26,20,75,8,0,0,0,0,0
2014/12/26,21,75,8,0,0,0,0,0
2014/12/26,22,76,9,0,0,0,0,0
2014/12/26,23,68,8,0,0,0,0,0
2014/12/26,24,51,1,0,0,0,0,0
2014/12/27,01,24,1,0,0,0,0,0
2014/12/27,02,18,1,0,0,0,0,0
2014/12/27,03,15,1,0,0,0,0,0
2014/12/27,04,13,1,0,0,0,0,0
2014/12/27,05,12,1,0,0,0,0,0
2014/12/27,06,11,1,0,0,0,0,0
2014/12/27,07,12,1,0,0,0,0,0
2014/12/27,08,13,1,0,0,0,0,0
2014/12/27,09,29,7,0,0,0,0,0
2014/12/27,10,65,19,0,0,0,0,0
2014/12/27,11,74,21,0,0,0,0,0
2014/12/27,12,71,15,0,0,0,0,0
2014/12/27,13,73,14,0,0,0,0,0
2014/12/27,14,71,13,0,0,0,0,0
2014/12/27,15,69,9,0,0,0,0,0
2014/12/27,16,68,8,0,0,0,0,0
2014/12/27,17,73,9,0,0,0,0,0
2014/12/27,18,78,8,0,0,0,0,0
2014/12/27,19,75,7,0,0,0,0,0
2014/12/27,20,76,7,0,0,0,0,0
2014/12/27,21,77,7,0,0,0,0,0
2014/12/27,22,77,8,0,0,0,0,0
2014/12/27,23,69,8,0,0,0,0,0
2014/12/27,24,54,5,0,0,0,0,0
2014/12/28,01,24,1,0,0,0,0,0
2014/12/28,02,18,1,0,0,0,0,0
2014/12/28,03,16,1,0,0,0,0,0
2014/12/28,04,14,1,0,0,0,0,0
2014/12/28,05,11,1,0,0,0,0,0
2014/12/28,06,11,1,0,0,0,0,0
2014/12/28,07,12,1,0,0,0,0,0
2014/12/28,08,12,1,0,0,0,0,0
2014/12/28,09,29,9,0,0,0,0,0
2014/12/28,10,66,20,0,0,0,0,0
2014/12/28,11,77,25,0,0,0,0,0
2014/12/28,12,79,21,0,0,0,0,0
2014/12/28,13,76,16,0,0,0,0,0
2014/12/28,14,73,14,0,0,0,0,0
2014/12/28,15,73,13,0,0,0,0,0
2014/12/28,16,71,11,0,0,0,0,0
2014/12/28,17,73,10,0,0,0,0,0
2014/12/28,18,77,9,0,0,0,0,0
2014/12/28,19,76,9,0,0,0,0,0
2014/12/28,20,76,8,0,0,0,0,0
2014/12/28,21,76,8,0,0,0,0,0
2014/12/28,22,74,8,0,0,0,0,0
2014/12/28,23,68,8,0,0,0,0,0
2014/12/28,24,63,8,0,0,0,0,0
2014/12/29,01,33,2,0,0,0,0,0
2014/12/29,02,29,1,0,0,0,0,0
2014/12/29,03,26,1,0,0,0,0,0
2014/12/29,04,23,1,0,0,0,0,0
2014/12/29,05,28,7,0,0,0,0,0
2014/12/29,06,43,22,0,0,0,0,0
2014/12/29,07,40,20,0,0,0,0,0
2014/12/29,08,40,20,0,0,0,0,0
2014/12/29,09,47,19,0,0,0,0,0
2014/12/29,10,68,21,0,0,0,0,0
2014/12/29,11,78,26,0,0,0,0,0
2014/12/29,12,79,22,0,0,0,0,0
2014/12/29,13,78,19,0,0,0,0,0
2014/12/29,14,78,16,0,0,0,0,0
2014/12/29,15,76,15,0,0,0,0,0
2014/12/29,16,72,11,0,0,0,0,0
2014/12/29,17,74,10,0,0,0,0,0
2014/12/29,18,79,11,0,0,0,0,0
2014/12/29,19,75,8,0,0,0,0,0
2014/12/29,20,78,10,0,0,0,0,0
2014/12/29,21,78,8,0,0,0,0,0
2014/12/29,22,78,10,0,0,0,0,0
2014/12/29,23,75,12,0,0,0,0,0
2014/12/29,24,68,10,0,0,0,0,0
2014/12/30,01,36,4,0,0,0,0,0
2014/12/30,02,18,1,0,0,0,0,0
2014/12/30,03,14,1,0,0,0,0,0
2014/12/30,04,13,1,0,0,0,0,0
2014/12/30,05,12,1,0,0,0,0,0
2014/12/30,06,11,1,0,0,0,0,0
2014/12/30,07,12,1,0,0,0,0,0
2014/12/30,08,12,1,0,0,0,0,0
2014/12/30,09,32,10,0,0,0,0,0
2014/12/30,10,66,20,0,0,0,0,0
2014/12/30,11,74,21,0,0,0,0,0
2014/12/30,12,69,13,0,0,0,0,0
2014/12/30,13,66,9,0,0,0,0,0
2014/12/30,14,66,8,0,0,0,0,0
2014/12/30,15,65,7,0,0,0,0,0
2014/12/30,16,65,7,0,0,0,0,0
2014/12/30,17,71,7,0,0,0,0,0
2014/12/30,18,78,10,0,0,0,0,0
2014/12/30,19,78,10,0,0,0,0,0
2014/12/30,20,80,12,0,0,0,0,0
2014/12/30,21,76,9,0,0,0,0,0
2014/12/30,22,77,8,0,0,0,0,0
2014/12/30,23,66,7,0,0,0,0,0
2014/12/30,24,53,2,0,0,0,0,0
2014/12/31,01,23,1,0,0,0,0,0
2014/12/31,02,19,1,0,0,0,0,0
2014/12/31,03,16,1,0,0,0,0,0
2014/12/31,04,13,1,0,0,0,0,0
2014/12/31,05,12,1,0,0,0,0,0
2014/12/31,06,12,1,0,0,0,0,0
2014/12/31,07,13,1,0,0,0,0,0
2014/12/31,08,13,1,0,0,0,0,0
2014/12/31,09,35,11,0,0,0,0,0
2014/12/31,10,62,16,0,0,0,0,0
2014/12/31,11,73,19,0,0,0,0,0
2014/12/31,12,72,15,0,0,0,0,0
2014/12/31,13,73,14,0,0,0,0,0
2014/12/31,14,74,14,0,0,0,0,0
2014/12/31,15,69,9,0,0,0,0,0
2014/12/31,16,73,13,0,0,0,0,0
2014/12/31,17,77,13,0,0,0,0,0
2014/12/31,18,75,9,0,0,0,0,0
2014/12/31,19,77,11,0,0,0,0,0
2014/12/31,20,82,15,0,0,0,0,0
2014/12/31,21,75,13,0,0,0,0,0
2014/12/31,22,72,17,0,0,0,0,0
2014/12/31,23,61,10,0,0,0,0,0
2014/12/31,24,20,1,0,0,0,0,0
